P6_Residue	CP P6 self-association 	Interracting Index P6 self-association 	CP P6 vs P6 (dsRNA) 	Interracting Index P6 vs P6 (dsRNA) 	CP P6 vs P6 (TOR) 	Interracting Index P6 vs P6 (TOR) 	CP P6A dsRNA binding 	Interracting Index P6A dsRNA binding 	CP P6A to TOR 	Interracting Index P6A to TOR 	CP P6B dsRNA binding 	Interracting Index P6B dsRNA binding 	CP P6B to TOR 	Interracting Index P6B to TOR 
1	0.00999999977648258	62	0.180000007152557	28	0.219999998807907	32	0	1041	0.00999999977648258	1041	0	1041	0.00999999977648258	1041
2	0.00999999977648258	61	0.230000004172325	28	0.129999995231628	28	0	1041	0	1041	0	1041	0	1041
3	0.00999999977648258	62	0.519999980926514	28	0.600000023841858	28	0	1041	0	1041	0	1041	0	1041
4	0.00999999977648258	59	0.670000016689301	25	0.740000009536743	25	0	1041	0	1041	0	1041	0	1041
5	0.0199999995529652	61	0.0299999993294477	39	0.00999999977648258	25	0	1041	0	1041	0	1041	0	1041
6	0.0199999995529652	61	0.00999999977648258	18	0.00999999977648258	21	0	1041	0	1041	0	1041	0	1041
7	0.00999999977648258	52	0.740000009536743	21	0.790000021457672	25	0	1041	0	1041	0	1041	0	1041
8	0.0199999995529652	64	0.790000021457672	25	0.829999983310699	25	0	1041	0	1041	0	1041	0	1041
9	0.0599999986588955	59	0.0399999991059303	20	0.00999999977648258	20	0	1041	0.0299999993294477	3433	0	1041	0.00999999977648258	3430
10	0.0199999995529652	59	0.839999973773956	21	0.819999992847443	21	0	1041	0.00999999977648258	3426	0	1041	0	1041
11	0.00999999977648258	51	0.720000028610229	22	0.769999980926514	18	0	1041	0	1041	0	1041	0	1041
12	0.0399999991059303	59	0.0299999993294477	15	0.00999999977648258	15	0	1041	0.0199999995529652	3433	0	1041	0.00999999977648258	3433
13	0.0599999986588955	56	0.0299999993294477	13	0.00999999977648258	13	0	1041	0.0500000007450581	3429	0	1041	0.0299999993294477	3429
14	0.00999999977648258	47	0.769999980926514	14	0.860000014305115	14	0	1041	0	1041	0	1041	0	1041
15	0.0199999995529652	52	0.759999990463257	18	0.790000021457672	18	0	1041	0	1041	0	1041	0	1041
16	0.0799999982118607	56	0.0599999986588955	16	0.00999999977648258	14	0	1041	0.0500000007450581	3429	0	1041	0.0299999993294477	3429
17	0.0399999991059303	176	0.75	14	0.720000028610229	14	0	1041	0.0399999991059303	3429	0	1041	0.0199999995529652	3429
18	0.0199999995529652	51	0.810000002384186	18	0.899999976158142	18	0	1041	0	1041	0	1041	0	1041
19	0.0500000007450581	55	0.00999999977648258	8	0.00999999977648258	11	0	1041	0	1041	0	1041	0	1041
20	0.100000001490116	52	0.0399999991059303	9	0.00999999977648258	7	0	1041	0.0299999993294477	3429	0	1041	0.0199999995529652	3429
21	0.0199999995529652	52	0.839999973773956	10	0.819999992847443	10	0	1041	0	1041	0	1041	0	1041
22	0.0199999995529652	53	0.720000028610229	11	0.709999978542328	11	0	1041	0	1041	0	1041	0	1041
23	0.0500000007450581	55	0.00999999977648258	6	0.00999999977648258	7	0	1041	0.00999999977648258	3433	0	1041	0.00999999977648258	3433
24	0.0199999995529652	56	0.699999988079071	7	0.730000019073486	7	0	1041	0.00999999977648258	3436	0	1041	0	1041
25	0.0199999995529652	56	0.779999971389771	8	0.829999983310699	8	0	1041	0	1041	0	1041	0	1041
26	0.00999999977648258	57	0.00999999977648258	4	0.00999999977648258	4	0	1041	0	1041	0	1041	0	1041
27	0.0299999993294477	59	0.0399999991059303	2	0.0199999995529652	27	0	1041	0.00999999977648258	3433	0	1041	0.00999999977648258	3433
28	0.00999999977648258	59	0.689999997615814	7	0.699999988079071	7	0	1041	0	1041	0	1041	0	1041
29	0.00999999977648258	61	0.540000021457672	4	0.600000023841858	4	0	1041	0	1041	0	1041	0	1041
30	0.00999999977648258	61	0.00999999977648258	1	0.00999999977648258	1	0	1041	0	1041	0	1041	0	1041
31	0.00999999977648258	62	0.0700000002980232	1	0.0500000007450581	1	0	1041	0	1041	0	1041	0	1041
32	0.00999999977648258	63	0.150000005960464	1	0.219999998807907	1	0	1041	0	1041	0	1041	0	1041
33	0.00999999977648258	64	0.0599999986588955	4	0.0700000002980232	4	0	1041	0	1041	0	1041	0	1041
34	0.00999999977648258	65	0.0599999986588955	4	0.0500000007450581	4	0	1041	0	1041	0	1041	0	1041
35	0.00999999977648258	66	0.0599999986588955	1	0.0500000007450581	1	0	1041	0	1041	0	1041	0	1041
36	0.00999999977648258	67	0.0500000007450581	1	0.0399999991059303	1	0	1041	0	1041	0	1041	0	1041
37	0.00999999977648258	68	0.0299999993294477	3	0.00999999977648258	1	0	1041	0	1041	0	1041	0	1041
38	0.00999999977648258	70	0.0299999993294477	3	0.00999999977648258	1	0	1041	0	1041	0	1041	0	1041
39	0.00999999977648258	70	0.0399999991059303	4	0.0199999995529652	39	0	1041	0	1041	0	1041	0	1041
40	0.00999999977648258	71	0.0199999995529652	1	0.00999999977648258	1	0	1041	0	1041	0	1041	0	1041
41	0.00999999977648258	72	0.0299999993294477	4	0.0299999993294477	41	0	1041	0	1041	0	1041	0	1041
42	0.00999999977648258	73	0.00999999977648258	1	0.00999999977648258	8	0	1041	0	1041	0	1041	0	1041
43	0.00999999977648258	74	0.00999999977648258	1	0.00999999977648258	8	0	1041	0	1041	0	1041	0	1041
44	0.00999999977648258	77	0.00999999977648258	1	0.00999999977648258	8	0	1041	0	1041	0	1041	0	1041
45	0.00999999977648258	76	0.00999999977648258	1	0.0199999995529652	45	0	1041	0	1041	0	1041	0	1041
46	0.0199999995529652	477	0.00999999977648258	1	0.0199999995529652	46	0	1041	0	1041	0	1041	0	1041
47	0.0199999995529652	477	0.00999999977648258	1	0.0199999995529652	47	0	1041	0	1041	0	1041	0	1041
48	0.0199999995529652	476	0.00999999977648258	1	0.00999999977648258	47	0	1041	0	1041	0	1041	0	1041
49	0.0700000002980232	474	0.0199999995529652	51	0.00999999977648258	49	0	1041	0	1041	0	1041	0	1041
50	0.0299999993294477	474	0.00999999977648258	3	0.00999999977648258	50	0	1041	0	1041	0	1041	0	1041
51	0.0399999991059303	19	0.0299999993294477	51	0.0199999995529652	51	0	1041	0	1041	0	1041	0	1041
52	0.100000001490116	20	0.0799999982118607	52	0.0399999991059303	52	0	1041	0	1041	0	1041	0	1041
53	0.0500000007450581	444	0.0199999995529652	51	0.0199999995529652	53	0	1041	0	1041	0	1041	0	1041
54	0.0299999993294477	16	0.0199999995529652	51	0.0299999993294477	54	0	1041	0	1041	0	1041	0	1041
55	0.0700000002980232	16	0.0500000007450581	55	0.0299999993294477	55	0	1041	0	1041	0	1041	0	1041
56	0.0799999982118607	16	0.0900000035762787	56	0.0700000002980232	56	0	1041	0	1041	0	1041	0	1041
57	0.0199999995529652	16	0.0199999995529652	55	0.0299999993294477	57	0	1041	0	1041	0	1041	0	1041
58	0.0299999993294477	12	0.0199999995529652	55	0.0299999993294477	58	0	1041	0	1041	0	1041	0	1041
59	0.0599999986588955	9	0.0299999993294477	59	0.0399999991059303	59	0	1041	0	1041	0	1041	0	1041
60	0.0199999995529652	12	0.0199999995529652	59	0.0299999993294477	60	0	1041	0	1041	0	1041	0	1041
61	0.0299999993294477	9	0.0199999995529652	51	0.0299999993294477	61	0	1041	0	1041	0	1041	0	1041
62	0.0199999995529652	5	0.0199999995529652	61	0.0399999991059303	62	0	1041	0	1041	0	1041	0	1041
63	0.0199999995529652	9	0.0199999995529652	62	0.0299999993294477	63	0	1041	0	1041	0	1041	0	1041
64	0.0399999991059303	9	0.0399999991059303	64	0.0399999991059303	64	0	1041	0	1041	0	1041	0	1041
65	0.00999999977648258	2	0.0299999993294477	64	0.0199999995529652	65	0	1041	0	1041	0	1041	0	1041
66	0.00999999977648258	1	0.0500000007450581	66	0.0299999993294477	66	0	1041	0	1041	0	1041	0	1041
67	0.0199999995529652	6	0.0399999991059303	66	0.0299999993294477	67	0	1041	0.00999999977648258	3211	0	1041	0	1041
68	0.00999999977648258	2	0.0299999993294477	68	0.0299999993294477	68	0	1041	0.00999999977648258	3196	0	1041	0	1041
69	0.00999999977648258	1	0.0299999993294477	69	0.0199999995529652	69	0	1041	0.0199999995529652	3211	0	1041	0	1041
70	0.00999999977648258	13	0.0500000007450581	70	0.0599999986588955	70	0.00999999977648258	1099	0.0199999995529652	3516	0	1041	0.00999999977648258	3516
71	0.00999999977648258	4	0.0299999993294477	70	0.0299999993294477	71	0	1041	0.0199999995529652	3516	0	1041	0.00999999977648258	3516
72	0.00999999977648258	7	0.0299999993294477	72	0.0500000007450581	72	0	1041	0.0399999991059303	3516	0	1041	0.00999999977648258	3196
73	0.00999999977648258	9	0.0199999995529652	73	0.0299999993294477	73	0	1041	0.0299999993294477	3516	0	1041	0.00999999977648258	3291
74	0.00999999977648258	33	0.0299999993294477	74	0.0399999991059303	74	0	1041	0.0299999993294477	3289	0	1041	0.00999999977648258	3289
75	0.0199999995529652	260	0.0199999995529652	376	0.0199999995529652	75	0	1041	0.0299999993294477	3306	0	1041	0.00999999977648258	3306
76	0.00999999977648258	41	0.0199999995529652	76	0.00999999977648258	73	0	1041	0.0500000007450581	3291	0	1041	0.00999999977648258	3114
77	0.00999999977648258	13	0.0199999995529652	77	0.0199999995529652	77	0	1041	0.0199999995529652	3114	0	1041	0.00999999977648258	3115
78	0.00999999977648258	13	0.0199999995529652	76	0.0399999991059303	78	0	1041	0.0399999991059303	3306	0	1041	0.00999999977648258	2853
79	0.00999999977648258	9	0.0199999995529652	78	0.0299999993294477	79	0	1041	0.0700000002980232	3305	0	1041	0.0299999993294477	2853
80	0.00999999977648258	7	0.0199999995529652	79	0.0399999991059303	80	0	1041	0.0700000002980232	2850	0	1041	0.0799999982118607	2850
81	0.00999999977648258	4	0.100000001490116	81	0.0700000002980232	81	0	1041	0.0799999982118607	3189	0	1041	0.100000001490116	2804
82	0.00999999977648258	6	0.0199999995529652	83	0.0299999993294477	82	0	1041	0.0599999986588955	3189	0	1041	0.0399999991059303	2804
83	0.0199999995529652	350	0.0199999995529652	82	0.0299999993294477	83	0	1041	0.0599999986588955	2801	0	1041	0.0700000002980232	2801
84	0.00999999977648258	10	0.0199999995529652	83	0.0199999995529652	84	0	1041	0.0199999995529652	2801	0	1041	0.0199999995529652	2801
85	0.0199999995529652	52	0.0199999995529652	83	0.0299999993294477	85	0	1041	0.0199999995529652	2801	0	1041	0.0299999993294477	2801
86	0.0199999995529652	52	0.0500000007450581	86	0.100000001490116	86	0	1041	0.0399999991059303	2801	0	1041	0.0399999991059303	2801
87	0.0199999995529652	55	0.00999999977648258	41	0.0299999993294477	87	0	1041	0.0299999993294477	2764	0	1041	0.0399999991059303	2764
88	0.0399999991059303	376	0.0299999993294477	88	0.0299999993294477	88	0	1041	0.00999999977648258	2764	0	1041	0.00999999977648258	2764
89	0.00999999977648258	34	0.0199999995529652	89	0.0199999995529652	89	0	1041	0	1041	0	1041	0	1041
90	0.0199999995529652	56	0.0199999995529652	90	0.0299999993294477	90	0	1041	0.00999999977648258	1636	0	1041	0.00999999977648258	1636
91	0.00999999977648258	41	0.0199999995529652	91	0.0299999993294477	91	0	1041	0	1041	0	1041	0	1041
92	0.00999999977648258	13	0.0199999995529652	92	0.0199999995529652	92	0	1041	0	1041	0	1041	0	1041
93	0.00999999977648258	7	0.0299999993294477	93	0.0399999991059303	93	0	1041	0.0199999995529652	1579	0	1041	0.0199999995529652	1579
94	0.00999999977648258	39	0.0199999995529652	93	0.0399999991059303	94	0	1041	0.0299999993294477	1195	0	1041	0.0199999995529652	1195
95	0.00999999977648258	11	0.0299999993294477	96	0.0399999991059303	95	0	1041	0.0199999995529652	1195	0	1041	0.0199999995529652	1546
96	0.00999999977648258	41	0.0399999991059303	96	0.0399999991059303	96	0	1041	0.0199999995529652	1195	0	1041	0.00999999977648258	1195
97	0.00999999977648258	7	0.0199999995529652	95	0.0399999991059303	97	0	1041	0.00999999977648258	1195	0	1041	0.00999999977648258	1195
98	0.0199999995529652	290	0.0199999995529652	96	0.0199999995529652	99	0	1041	0.0399999991059303	1237	0	1041	0.0199999995529652	1195
99	0.0199999995529652	52	0.0900000035762787	99	0.0700000002980232	99	0	1041	0.0500000007450581	1237	0	1041	0.0399999991059303	1237
100	0.0399999991059303	189	0.0199999995529652	97	0.0299999993294477	100	0	1041	0.00999999977648258	1237	0	1041	0.00999999977648258	1237
101	0.00999999977648258	13	0.0199999995529652	100	0.0299999993294477	101	0	1041	0.0199999995529652	1278	0	1041	0.00999999977648258	1237
102	0.0299999993294477	144	0.0199999995529652	102	0.0299999993294477	102	0	1041	0.0199999995529652	1324	0	1041	0.0199999995529652	1324
103	0.0199999995529652	171	0.00999999977648258	95	0.0399999991059303	103	0	1041	0.0199999995529652	1405	0	1041	0.0199999995529652	1405
104	0.0399999991059303	171	0.00999999977648258	61	0.0299999993294477	104	0	1041	0.0900000035762787	1365	0	1041	0.0799999982118607	1365
105	0.0500000007450581	185	0.00999999977648258	64	0.0700000002980232	105	0	1041	0.239999994635582	1405	0	1041	0.209999993443489	1405
106	0.0599999986588955	144	0.0399999991059303	106	0.0700000002980232	106	0	1041	0.280000001192093	1402	0	1041	0.25	1402
107	0.0399999991059303	169	0.00999999977648258	99	0.00999999977648258	104	0	1041	0.129999995231628	1402	0.00999999977648258	1052	0.129999995231628	1402
108	0.0500000007450581	171	0.00999999977648258	95	0.0199999995529652	108	0	1041	0.0700000002980232	1271	0	1041	0.0599999986588955	1270
109	0.0500000007450581	170	0.0199999995529652	350	0.0199999995529652	109	0.00999999977648258	1052	0.109999999403954	1317	0.00999999977648258	1051	0.100000001490116	1317
110	0.0500000007450581	226	0.0199999995529652	350	0.0299999993294477	110	0.00999999977648258	1051	0.0900000035762787	1358	0.00999999977648258	1051	0.0799999982118607	1358
111	0.0799999982118607	349	0.0599999986588955	349	0.0199999995529652	111	0.00999999977648258	1050	0.129999995231628	1358	0.0199999995529652	1052	0.119999997317791	1358
112	0.0700000002980232	225	0.0500000007450581	349	0.0399999991059303	112	0.00999999977648258	1051	0.189999997615814	1355	0.00999999977648258	1051	0.189999997615814	1355
113	0.0700000002980232	222	0.0399999991059303	349	0.0299999993294477	113	0	1041	0.100000001490116	1355	0.00999999977648258	1052	0.0799999982118607	1355
114	0.0599999986588955	225	0.0500000007450581	349	0.0500000007450581	114	0	1041	0.180000007152557	1267	0	1041	0.180000007152557	1267
115	0.0399999991059303	223	0.0299999993294477	351	0.0199999995529652	115	0	1041	0.0500000007450581	1263	0	1041	0.0500000007450581	1263
116	0.0199999995529652	222	0.00999999977648258	111	0.0199999995529652	116	0	1041	0.0199999995529652	1263	0	1041	0.00999999977648258	1263
117	0.00999999977648258	52	0.00999999977648258	116	0.00999999977648258	117	0	1041	0.00999999977648258	1263	0	1041	0.00999999977648258	1263
118	0.00999999977648258	41	0.00999999977648258	114	0.0199999995529652	118	0	1041	0	1041	0	1041	0	1041
119	0.00999999977648258	41	0.00999999977648258	118	0.00999999977648258	118	0	1041	0.00999999977648258	1093	0	1041	0	1041
120	0.0199999995529652	178	0.00999999977648258	86	0.0199999995529652	120	0	1041	0.00999999977648258	1093	0	1041	0.00999999977648258	1093
121	0.00999999977648258	39	0.00999999977648258	120	0.0199999995529652	121	0	1041	0.00999999977648258	1092	0	1041	0.00999999977648258	1093
122	0.00999999977648258	39	0.00999999977648258	93	0.0199999995529652	122	0	1041	0.00999999977648258	1093	0	1041	0.00999999977648258	1093
123	0.00999999977648258	39	0.00999999977648258	120	0.0299999993294477	123	0	1041	0.00999999977648258	1093	0	1041	0.00999999977648258	1093
124	0.00999999977648258	9	0.00999999977648258	81	0.0299999993294477	124	0	1041	0.00999999977648258	1146	0	1041	0.00999999977648258	1149
125	0.0199999995529652	174	0.00999999977648258	120	0.0299999993294477	125	0	1041	0	1041	0	1041	0	1041
126	0.0199999995529652	174	0.00999999977648258	86	0.00999999977648258	126	0	1041	0	1041	0	1041	0	1041
127	0.00999999977648258	13	0.00999999977648258	67	0.0199999995529652	127	0	1041	0.00999999977648258	1636	0	1041	0	1041
128	0.00999999977648258	39	0.00999999977648258	122	0	1	0	1041	0	1041	0	1041	0	1041
129	0.00999999977648258	37	0.00999999977648258	120	0.00999999977648258	129	0	1041	0	1041	0	1041	0	1041
130	0.00999999977648258	41	0.00999999977648258	126	0	1	0	1041	0	1041	0	1041	0	1041
131	0.00999999977648258	41	0.00999999977648258	129	0.0199999995529652	131	0	1041	0	1041	0.00999999977648258	1062	0	1041
132	0.00999999977648258	39	0.0199999995529652	171	0.00999999977648258	131	0.00999999977648258	1044	0.00999999977648258	3244	0.00999999977648258	1061	0	1041
133	0.00999999977648258	41	0.0199999995529652	144	0.00999999977648258	133	0.00999999977648258	1043	0.0199999995529652	3219	0.0199999995529652	1080	0.00999999977648258	2869
134	0.0299999993294477	174	0.0199999995529652	169	0	1	0.0299999993294477	1045	0.0299999993294477	3242	0.0299999993294477	1080	0.0199999995529652	3242
135	0.0500000007450581	174	0.0199999995529652	169	0	1	0.00999999977648258	1044	0.00999999977648258	3220	0.00999999977648258	1079	0.00999999977648258	3220
136	0.0399999991059303	174	0.0299999993294477	167	0	1	0	1041	0.0299999993294477	3242	0.00999999977648258	1079	0.0199999995529652	3220
137	0.360000014305115	174	0.00999999977648258	290	0	1	0	1041	0.0199999995529652	3241	0.00999999977648258	1081	0.0199999995529652	3241
138	0.280000001192093	174	0.00999999977648258	245	0	1	0	1041	0	1041	0	1041	0	1041
139	0.980000019073486	173	0	1	0	1	0	1041	0.0299999993294477	3234	0	1041	0.0299999993294477	3234
140	1	173	0.00999999977648258	245	0	1	0	1041	0	1041	0	1041	0	1041
141	0.97000002861023	172	0	1	0	1	0.00999999977648258	1053	0.0700000002980232	3230	0.00999999977648258	1053	0.0700000002980232	3230
142	0.980000019073486	173	0	1	0	1	0	1041	0	1041	0	1041	0.00999999977648258	3230
143	0.540000021457672	195	0	1	0	1	0	1041	0	1041	0	1041	0	1041
144	0.980000019073486	186	0.0199999995529652	133	0.00999999977648258	186	0	1041	0.00999999977648258	3468	0	1041	0.00999999977648258	3468
145	0.569999992847443	186	0.00999999977648258	102	0	1	0	1041	0	1041	0	1041	0	1041
146	0.119999997317791	210	0.00999999977648258	209	0	1	0	1041	0	1041	0	1041	0	1041
147	0.200000002980232	213	0.00999999977648258	205	0.00999999977648258	205	0	1041	0	1041	0	1041	0	1041
148	0.529999971389771	205	0.0199999995529652	205	0.0199999995529652	205	0	1041	0	1041	0	1041	0	1041
149	0.9200000166893	195	0	1	0	1	0	1041	0	1041	0	1041	0	1041
150	0.990000009536743	195	0	1	0	1	0	1041	0	1041	0	1041	0	1041
151	0.990000009536743	198	0.00999999977648258	243	0	1	0	1041	0	1041	0	1041	0	1041
152	0.97000002861023	198	0.00999999977648258	203	0.00999999977648258	205	0	1041	0	1041	0	1041	0	1041
153	0.870000004768372	199	0.00999999977648258	243	0.00999999977648258	243	0	1041	0	1041	0	1041	0	1041
154	0.850000023841858	200	0.00999999977648258	200	0	1	0	1041	0.00999999977648258	3128	0	1041	0.00999999977648258	3128
155	0.0199999995529652	109	0.00999999977648258	108	0	1	0.100000001490116	1054	0.159999996423721	2945	0.140000000596046	1054	0.129999995231628	2945
156	0.159999996423721	200	0.00999999977648258	156	0	1	0	1041	0.0199999995529652	2941	0.00999999977648258	1054	0.0199999995529652	2941
157	0.879999995231628	198	0.00999999977648258	160	0.00999999977648258	203	0	1041	0	1041	0	1041	0	1041
158	0.0500000007450581	203	0	1	0	1	0.0299999993294477	1054	0.0399999991059303	2945	0.0399999991059303	1053	0.0299999993294477	2945
159	0.150000005960464	207	0.0199999995529652	163	0	1	0.0399999991059303	1088	0.0799999982118607	2941	0.0500000007450581	1053	0.0700000002980232	2941
160	0.490000009536743	205	0.0199999995529652	203	0.0199999995529652	205	0	1041	0	1041	0	1041	0	1041
161	0.509999990463257	205	0.00999999977648258	106	0.0199999995529652	205	0	1041	0	1041	0	1041	0	1041
162	0.0500000007450581	207	0	1	0	1	0.100000001490116	1056	0.0700000002980232	2948	0.0799999982118607	1091	0.0500000007450581	2948
163	0.270000010728836	207	0.0199999995529652	159	0	1	0.0199999995529652	1056	0.0500000007450581	2944	0.0199999995529652	1066	0.0500000007450581	2944
164	0.150000005960464	208	0.00999999977648258	207	0	1	0.0599999986588955	1056	0.0199999995529652	2952	0.0399999991059303	1056	0.0199999995529652	2952
165	0.0900000035762787	207	0.00999999977648258	208	0	1	0.0500000007450581	1089	0.00999999977648258	3228	0.0500000007450581	1089	0.00999999977648258	3228
166	0.0500000007450581	213	0.00999999977648258	136	0	1	0.0199999995529652	1089	0.0500000007450581	2952	0.00999999977648258	1056	0.0399999991059303	2952
167	0.0500000007450581	219	0.0299999993294477	136	0	1	0.0399999991059303	1056	0.0199999995529652	2949	0.0399999991059303	1089	0.0199999995529652	2949
168	0.0299999993294477	111	0.00999999977648258	109	0	1	0.0599999986588955	1056	0.0399999991059303	2948	0.0700000002980232	1056	0.0299999993294477	2948
169	0.0799999982118607	227	0.0199999995529652	133	0	1	0.0599999986588955	1052	0.0799999982118607	2948	0.0799999982118607	1052	0.0700000002980232	2948
170	0.0500000007450581	109	0.00999999977648258	106	0	1	0.119999997317791	1088	0.0799999982118607	2948	0.189999997615814	1052	0.0700000002980232	2948
171	0.0700000002980232	227	0.0199999995529652	132	0	1	0.00999999977648258	1076	0.119999997317791	2946	0.00999999977648258	1052	0.100000001490116	2946
172	0.980000019073486	140	0.00999999977648258	108	0	1	0.00999999977648258	1053	0.170000001788139	2946	0.0199999995529652	1053	0.119999997317791	2946
173	1	140	0.00999999977648258	109	0	1	0	1041	0.00999999977648258	2946	0	1041	0.00999999977648258	2946
174	0.97000002861023	139	0.00999999977648258	230	0	1	0	1041	0	1041	0	1041	0	1041
175	0.939999997615814	140	0.0799999982118607	251	0.00999999977648258	251	0	1041	0	1041	0	1041	0	1041
176	0.97000002861023	140	0.0799999982118607	251	0.0199999995529652	245	0	1041	0	1041	0	1041	0	1041
177	0.0700000002980232	254	0.119999997317791	251	0.0599999986588955	254	0	1041	0	1041	0	1041	0	1041
178	0.75	140	0.0199999995529652	211	0.00999999977648258	254	0	1041	0	1041	0	1041	0	1041
179	0.990000009536743	140	0	1	0	1	0	1041	0	1041	0	1041	0	1041
180	0.0799999982118607	140	0.0799999982118607	254	0.0299999993294477	254	0	1041	0	1041	0	1041	0	1041
181	0.0399999991059303	254	0.0700000002980232	254	0.0399999991059303	254	0	1041	0	1041	0	1041	0	1041
182	0.959999978542328	142	0.00999999977648258	102	0	1	0	1041	0.00999999977648258	3468	0	1041	0.00999999977648258	3468
183	0.97000002861023	142	0	1	0	1	0	1041	0	1041	0	1041	0	1041
184	0.0299999993294477	258	0.0399999991059303	258	0.0299999993294477	254	0	1041	0	1041	0	1041	0	1041
185	0.0599999986588955	225	0.00999999977648258	100	0.00999999977648258	254	0	1041	0.00999999977648258	3468	0	1041	0.00999999977648258	3468
186	0.980000019073486	144	0.00999999977648258	100	0.00999999977648258	144	0	1041	0.00999999977648258	3468	0	1041	0.00999999977648258	3468
187	0.230000004172325	144	0	1	0	1	0	1041	0	1041	0	1041	0	1041
188	0.00999999977648258	98	0	1	0.00999999977648258	258	0	1041	0.00999999977648258	1696	0	1041	0	1041
189	0.0799999982118607	225	0.00999999977648258	100	0	1	0	1041	0	1041	0	1041	0	1041
190	0.569999992847443	145	0	1	0	1	0	1041	0	1041	0	1041	0	1041
191	0.00999999977648258	97	0	1	0	1	0	1041	0.00999999977648258	1735	0	1041	0	1041
192	0.280000001192093	145	0	1	0	1	0	1041	0	1041	0	1041	0	1041
193	0.0900000035762787	149	0	1	0	1	0	1041	0	1041	0	1041	0	1041
194	0.0199999995529652	149	0.0199999995529652	288	0.0199999995529652	291	0	1041	0	1041	0	1041	0	1041
195	0.990000009536743	150	0	1	0	1	0	1041	0	1041	0	1041	0	1041
196	0.959999978542328	150	0.0299999993294477	290	0.00999999977648258	288	0	1041	0.00999999977648258	1689	0	1041	0	1041
197	0.980000019073486	151	0.0500000007450581	290	0.0199999995529652	290	0	1041	0	1041	0	1041	0	1041
198	0.990000009536743	151	0.00999999977648258	238	0.00999999977648258	205	0	1041	0	1041	0	1041	0	1041
199	0.870000004768372	153	0.0199999995529652	315	0.00999999977648258	241	0	1041	0	1041	0	1041	0	1041
200	0.860000014305115	153	0.00999999977648258	154	0	1	0	1041	0	1041	0	1041	0	1041
201	0.439999997615814	154	0.00999999977648258	242	0	1	0	1041	0	1041	0	1041	0	1041
202	0.200000002980232	157	0.00999999977648258	238	0	1	0	1041	0	1041	0	1041	0	1041
203	0.579999983310699	157	0.0199999995529652	157	0.00999999977648258	148	0	1041	0	1041	0	1041	0	1041
204	0.189999997615814	157	0.00999999977648258	242	0	1	0	1041	0	1041	0	1041	0	1041
205	0.529999971389771	148	0.0199999995529652	148	0.0299999993294477	205	0	1041	0	1041	0	1041	0	1041
206	0.46000000834465	160	0.00999999977648258	160	0	1	0	1041	0.00999999977648258	2981	0	1041	0.00999999977648258	2984
207	0.449999988079071	160	0.0299999993294477	254	0.00999999977648258	147	0	1041	0.0799999982118607	2985	0	1041	0.0799999982118607	2985
208	0.200000002980232	163	0.00999999977648258	80	0	1	0	1041	0.0500000007450581	2985	0	1041	0.0399999991059303	2984
209	0.140000000596046	294	0.0399999991059303	294	0	1	0	1041	0.0799999982118607	2977	0	1041	0.0700000002980232	2977
210	0.189999997615814	294	0.0700000002980232	294	0.00999999977648258	81	0	1041	0.219999998807907	2980	0	1041	0.209999993443489	2980
211	0.140000000596046	294	0.0599999986588955	294	0.00999999977648258	210	0	1041	0.100000001490116	2977	0	1041	0.0900000035762787	2977
212	0.0900000035762787	147	0.0199999995529652	290	0	1	0	1041	0.00999999977648258	2977	0	1041	0.00999999977648258	2977
213	0.200000002980232	147	0.0299999993294477	389	0.00999999977648258	214	0	1041	0.0599999986588955	2984	0	1041	0.0599999986588955	2984
214	0.100000001490116	147	0.0500000007450581	214	0.0399999991059303	214	0	1041	0.0799999982118607	3057	0	1041	0.0700000002980232	3057
215	0.0399999991059303	147	0.0199999995529652	215	0.00999999977648258	215	0	1041	0.0199999995529652	3061	0	1041	0.0199999995529652	1823
216	0.0599999986588955	147	0.00999999977648258	146	0	1	0	1041	0.00999999977648258	1823	0	1041	0.00999999977648258	1823
217	0.0299999993294477	145	0.00999999977648258	216	0.00999999977648258	217	0	1041	0.00999999977648258	1823	0	1041	0.00999999977648258	1823
218	0.0399999991059303	167	0.00999999977648258	167	0.00999999977648258	218	0	1041	0	1041	0	1041	0	1041
219	0.0500000007450581	167	0.00999999977648258	166	0	1	0	1041	0	1041	0	1041	0	1041
220	0.0199999995529652	167	0	1	0.00999999977648258	220	0	1041	0	1041	0	1041	0	1041
221	0.0299999993294477	167	0.00999999977648258	222	0	1	0	1041	0	1041	0	1041	0	1041
222	0.0700000002980232	113	0.00999999977648258	108	0.00999999977648258	222	0	1041	0	1041	0	1041	0	1041
223	0.0500000007450581	114	0.00999999977648258	113	0	1	0	1041	0	1041	0	1041	0	1041
224	0.0500000007450581	111	0.00999999977648258	105	0.0299999993294477	224	0.00999999977648258	1051	0.00999999977648258	3047	0.00999999977648258	1051	0	1041
225	0.0799999982118607	189	0.0299999993294477	349	0.0199999995529652	225	0	1041	0.00999999977648258	3051	0	1041	0	1041
226	0.100000001490116	349	0.0299999993294477	349	0.00999999977648258	225	0	1041	0	1041	0	1041	0	1041
227	0.140000000596046	144	0.0500000007450581	227	0.0399999991059303	227	0	1041	0	1041	0	1041	0	1041
228	0.0900000035762787	182	0.00999999977648258	104	0.00999999977648258	226	0	1041	0	1041	0	1041	0	1041
229	0.0399999991059303	173	0.00999999977648258	108	0.00999999977648258	229	0	1041	0	1041	0	1041	0	1041
230	0.0299999993294477	172	0.00999999977648258	108	0	1	0	1041	0	1041	0	1041	0	1041
231	0.0399999991059303	174	0.00999999977648258	173	0	1	0	1041	0	1041	0	1041	0	1041
232	0.0199999995529652	174	0.00999999977648258	213	0.00999999977648258	232	0	1041	0	1041	0	1041	0	1041
233	0.00999999977648258	104	0.00999999977648258	232	0.00999999977648258	233	0	1041	0	1041	0	1041	0	1041
234	0.00999999977648258	104	0.00999999977648258	234	0.00999999977648258	234	0	1041	0	1041	0	1041	0	1041
235	0.0199999995529652	314	0.00999999977648258	235	0	1	0	1041	0	1041	0	1041	0	1041
236	0.0199999995529652	315	0.00999999977648258	237	0	1	0	1041	0	1041	0	1041	0	1041
237	0.0199999995529652	314	0.00999999977648258	236	0	1	0	1041	0	1041	0	1041	0	1041
238	0.0500000007450581	315	0.00999999977648258	196	0	1	0	1041	0.00999999977648258	1651	0	1041	0	1041
239	0.0299999993294477	315	0.00999999977648258	199	0	1	0	1041	0	1041	0	1041	0	1041
240	0.109999999403954	318	0.00999999977648258	196	0	1	0	1041	0	1041	0	1041	0	1041
241	0.129999995231628	315	0.00999999977648258	99	0.00999999977648258	199	0	1041	0	1041	0	1041	0	1041
242	0.129999995231628	315	0.00999999977648258	100	0	1	0	1041	0	1041	0	1041	0	1041
243	0.159999996423721	315	0.00999999977648258	100	0.00999999977648258	153	0	1041	0.00999999977648258	1696	0	1041	0.00999999977648258	1731
244	0.270000010728836	297	0.00999999977648258	102	0	1	0	1041	0	1041	0	1041	0	1041
245	0.270000010728836	297	0.0299999993294477	176	0.0199999995529652	176	0	1041	0.00999999977648258	1696	0	1041	0	1041
246	0.740000009536743	355	0.00999999977648258	106	0	1	0	1041	0.00999999977648258	1332	0	1041	0	1041
247	0.959999978542328	297	0.0199999995529652	177	0.00999999977648258	177	0	1041	0	1041	0	1041	0	1041
248	0.519999980926514	355	0.0199999995529652	175	0.00999999977648258	177	0	1041	0	1041	0	1041	0	1041
249	0.980000019073486	350	0.0299999993294477	210	0.00999999977648258	350	0	1041	0	1041	0	1041	0	1041
250	0.0299999993294477	207	0.0299999993294477	177	0.0199999995529652	177	0	1041	0	1041	0	1041	0	1041
251	0.910000026226044	294	0.100000001490116	177	0.0500000007450581	177	0	1041	0.0199999995529652	1696	0	1041	0	1041
252	0.980000019073486	298	0.0199999995529652	388	0	1	0	1041	0	1041	0	1041	0	1041
253	0.800000011920929	383	0.0299999993294477	383	0.00999999977648258	177	0	1041	0	1041	0	1041	0	1041
254	0.100000001490116	210	0.0700000002980232	177	0.0500000007450581	177	0	1041	0.0299999993294477	1735	0	1041	0.00999999977648258	1735
255	0.980000019073486	298	0.0599999986588955	177	0.00999999977648258	177	0	1041	0.00999999977648258	1692	0	1041	0	1041
256	0.980000019073486	300	0.0500000007450581	383	0.00999999977648258	383	0	1041	0	1041	0	1041	0	1041
257	0.660000026226044	381	0.0399999991059303	381	0.00999999977648258	381	0	1041	0	1041	0	1041	0	1041
258	0.0599999986588955	210	0.0299999993294477	184	0.0199999995529652	184	0	1041	0.0399999991059303	1731	0	1041	0.00999999977648258	1696
259	0.899999976158142	300	0.00999999977648258	88	0	1	0	1041	0.00999999977648258	1731	0	1041	0	1041
260	0.790000021457672	379	0.0500000007450581	379	0.00999999977648258	379	0	1041	0	1041	0	1041	0	1041
261	0.740000009536743	378	0.0299999993294477	378	0.00999999977648258	378	0	1041	0.00999999977648258	1731	0	1041	0	1041
262	0.529999971389771	378	0.0299999993294477	378	0.00999999977648258	376	0	1041	0.00999999977648258	1731	0	1041	0	1041
263	0.569999992847443	378	0.0299999993294477	378	0.00999999977648258	376	0	1041	0.00999999977648258	2655	0	1041	0.00999999977648258	2658
264	0.379999995231628	375	0.00999999977648258	98	0.00999999977648258	376	0	1041	0.00999999977648258	1731	0	1041	0.00999999977648258	2658
265	0.109999999403954	375	0	1	0	1	0	1041	0.0299999993294477	2658	0	1041	0.0299999993294477	2658
266	0.0599999986588955	375	0.00999999977648258	194	0	1	0	1041	0.0299999993294477	1731	0	1041	0.00999999977648258	2658
267	0.0299999993294477	373	0.00999999977648258	95	0	1	0	1041	0.00999999977648258	1688	0	1041	0	1041
268	0.0299999993294477	373	0	1	0	1	0	1041	0.00999999977648258	1684	0	1041	0	1041
269	0.0700000002980232	312	0.00999999977648258	284	0	1	0	1041	0.0299999993294477	1685	0	1041	0.00999999977648258	1684
270	0.0199999995529652	210	0.00999999977648258	176	0	1	0	1041	0	1041	0	1041	0	1041
271	0.709999978542328	375	0.0399999991059303	375	0.00999999977648258	373	0	1041	0.00999999977648258	1985	0	1041	0.00999999977648258	1985
272	0.779999971389771	376	0.0299999993294477	375	0.00999999977648258	376	0	1041	0.00999999977648258	1985	0	1041	0.00999999977648258	1985
273	0.709999978542328	376	0.0399999991059303	376	0	1	0.00999999977648258	1073	0.00999999977648258	1985	0.00999999977648258	1073	0.0199999995529652	1985
274	0.680000007152557	376	0.0299999993294477	376	0.00999999977648258	376	0.0199999995529652	1074	0.0199999995529652	1944	0.00999999977648258	1043	0.0500000007450581	1944
275	0.600000023841858	398	0.00999999977648258	395	0	1	0.00999999977648258	1044	0.00999999977648258	1944	0.00999999977648258	1043	0.0299999993294477	1944
276	0.509999990463257	394	0	1	0	1	0.00999999977648258	1043	0.00999999977648258	1944	0.00999999977648258	1043	0.0399999991059303	1945
277	0.75	391	0.0199999995529652	391	0	1	0	1041	0.00999999977648258	3415	0	1041	0.00999999977648258	3415
278	0.910000026226044	391	0.0399999991059303	391	0	1	0	1041	0.0199999995529652	3415	0	1041	0.00999999977648258	3415
279	0.550000011920929	376	0.00999999977648258	75	0	1	0	1041	0	1041	0	1041	0.00999999977648258	1944
280	0.0500000007450581	376	0.00999999977648258	395	0	1	0	1041	0.00999999977648258	3415	0	1041	0	1041
281	0.00999999977648258	210	0.00999999977648258	210	0	1	0	1041	0	1041	0	1041	0	1041
282	0.439999997615814	373	0.00999999977648258	373	0	1	0	1041	0	1041	0	1041	0.00999999977648258	2033
283	0.00999999977648258	372	0	1	0	1	0	1041	0	1041	0	1041	0	1041
284	0.140000000596046	371	0.00999999977648258	269	0.00999999977648258	371	0	1041	0	1041	0	1041	0	1041
285	0.319999992847443	338	0.00999999977648258	307	0	1	0	1041	0.00999999977648258	1685	0	1041	0	1041
286	0.00999999977648258	196	0.00999999977648258	269	0	1	0.00999999977648258	1061	0.0700000002980232	1684	0.00999999977648258	1061	0.0399999991059303	1684
287	0.00999999977648258	373	0	1	0	1	0	1041	0.0399999991059303	1685	0	1041	0.0199999995529652	1685
288	0.0399999991059303	211	0.0199999995529652	176	0.00999999977648258	194	0	1041	0.109999999403954	1689	0	1041	0.0299999993294477	1685
289	0.00999999977648258	211	0.00999999977648258	197	0	1	0	1041	0.0500000007450581	1685	0	1041	0.0299999993294477	1685
290	0.100000001490116	211	0.0399999991059303	197	0.0199999995529652	197	0	1041	0.0500000007450581	1689	0	1041	0.00999999977648258	1689
291	0.0900000035762787	210	0.0399999991059303	176	0.0199999995529652	194	0	1041	0.0299999993294477	1689	0	1041	0.00999999977648258	1689
292	0.00999999977648258	211	0	1	0	1	0	1041	0.00999999977648258	1685	0	1041	0	1041
293	0.209999993443489	244	0.0199999995529652	211	0	1	0	1041	0	1041	0	1041	0	1041
294	0.97000002861023	255	0.0700000002980232	210	0.0199999995529652	180	0	1041	0.00999999977648258	1692	0	1041	0	1041
295	0.949999988079071	255	0.00999999977648258	177	0	1	0	1041	0	1041	0	1041	0	1041
296	0.850000023841858	343	0	1	0	1	0	1041	0	1041	0	1041	0	1041
297	0.959999978542328	247	0.00999999977648258	99	0	1	0	1041	0	1041	0	1041	0	1041
298	0.980000019073486	252	0.00999999977648258	210	0	1	0	1041	0	1041	0	1041	0	1041
299	0.980000019073486	345	0.0199999995529652	395	0	1	0	1041	0	1041	0	1041	0	1041
300	0.980000019073486	256	0.00999999977648258	395	0	1	0	1041	0	1041	0	1041	0	1041
301	0.980000019073486	343	0	1	0	1	0	1041	0	1041	0	1041	0	1041
302	0.990000009536743	343	0	1	0	1	0	1041	0	1041	0	1041	0	1041
303	0.990000009536743	341	0	1	0	1	0.00999999977648258	1071	0.0199999995529652	2032	0.00999999977648258	1071	0.0299999993294477	2032
304	1	341	0	1	0	1	0	1041	0	1041	0	1041	0	1041
305	0.980000019073486	340	0	1	0.00999999977648258	371	0.00999999977648258	1071	0.00999999977648258	2032	0.00999999977648258	1071	0.00999999977648258	2032
306	0.980000019073486	339	0	1	0	1	0	1041	0	1041	0	1041	0	1041
307	0.100000001490116	338	0.00999999977648258	285	0	1	0	1041	0.0299999993294477	1683	0	1041	0.00999999977648258	1683
308	0.109999999403954	339	0.00999999977648258	328	0	1	0.00999999977648258	1062	0.0199999995529652	1646	0	1041	0.00999999977648258	1650
309	0.00999999977648258	238	0	1	0	1	0.0199999995529652	1061	0.129999995231628	1683	0.0199999995529652	1062	0.0299999993294477	1650
310	0.00999999977648258	227	0	1	0	1	0	1041	0.100000001490116	1651	0	1041	0.00999999977648258	1650
311	0.00999999977648258	235	0	1	0	1	0.00999999977648258	1059	0.109999999403954	1683	0.00999999977648258	1061	0.0299999993294477	1683
312	0.0700000002980232	269	0	1	0	1	0	1041	0.0599999986588955	1685	0	1041	0.0199999995529652	1685
313	0	1	0	1	0	1	0	1041	0.0199999995529652	1651	0	1041	0	1041
314	0.0599999986588955	240	0.00999999977648258	199	0	1	0	1041	0.0700000002980232	1651	0	1041	0.00999999977648258	1651
315	0.159999996423721	243	0.00999999977648258	135	0.00999999977648258	197	0	1041	0	1041	0	1041	0	1041
316	0.0599999986588955	243	0	1	0	1	0	1041	0	1041	0	1041	0	1041
317	0.819999992847443	421	0.00999999977648258	421	0	1	0	1041	0	1041	0	1041	0	1041
318	0.109999999403954	240	0	1	0	1	0	1041	0.00999999977648258	1652	0	1041	0	1041
319	0.930000007152557	418	0.0199999995529652	416	0	1	0	1041	0	1041	0	1041	0	1041
320	0.910000026226044	363	0.0299999993294477	423	0	1	0	1041	0	1041	0	1041	0	1041
321	0.0199999995529652	240	0	1	0	1	0	1041	0.00999999977648258	1651	0	1041	0	1041
322	0.769999980926514	416	0.00999999977648258	416	0	1	0	1041	0.0199999995529652	1652	0	1041	0	1041
323	0.959999978542328	415	0.0199999995529652	415	0.00999999977648258	415	0	1041	0	1041	0	1041	0	1041
324	0.959999978542328	365	0.00999999977648258	365	0	1	0	1041	0	1041	0	1041	0	1041
325	0.00999999977648258	415	0	1	0	1	0	1041	0.0199999995529652	1612	0	1041	0.00999999977648258	1652
326	0.899999976158142	415	0.00999999977648258	415	0	1	0	1041	0.00999999977648258	2187	0	1041	0	1041
327	0.990000009536743	365	0.0199999995529652	425	0.00999999977648258	365	0.00999999977648258	1071	0.0199999995529652	3231	0.00999999977648258	1041	0.00999999977648258	3231
328	0.00999999977648258	365	0.00999999977648258	308	0	1	0	1041	0.00999999977648258	1609	0	1041	0	1041
329	0	1	0.00999999977648258	334	0	1	0	1041	0.0500000007450581	1609	0	1041	0	1041
330	0.0299999993294477	415	0	1	0	1	0.00999999977648258	1071	0.0199999995529652	3228	0.00999999977648258	1041	0.00999999977648258	2189
331	0.75	425	0.00999999977648258	105	0.00999999977648258	331	0.0299999993294477	1071	0.0299999993294477	3231	0.0199999995529652	1041	0.00999999977648258	2189
332	0.889999985694885	367	0.00999999977648258	367	0.00999999977648258	367	0.00999999977648258	1070	0.0199999995529652	3221	0.00999999977648258	1041	0.00999999977648258	2191
333	0.00999999977648258	367	0	1	0	1	0	1041	0.00999999977648258	1605	0	1041	0	1041
334	0.0199999995529652	367	0.00999999977648258	328	0	1	0	1041	0.00999999977648258	1605	0	1041	0	1041
335	0.119999997317791	367	0	1	0	1	0	1041	0.0399999991059303	1608	0	1041	0	1041
336	0.129999995231628	367	0	1	0	1	0	1041	0.0199999995529652	1605	0	1041	0	1041
337	0.649999976158142	368	0	1	0	1	0	1041	0	1041	0	1041	0	1041
338	0.949999988079071	305	0.00999999977648258	368	0	1	0	1041	0	1041	0	1041	0	1041
339	0.980000019073486	306	0	1	0	1	0	1041	0	1041	0	1041	0	1041
340	0.990000009536743	304	0	1	0	1	0.0299999993294477	1071	0.0199999995529652	2032	0.0199999995529652	1071	0.0299999993294477	2032
341	1	304	0.00999999977648258	423	0	1	0	1041	0	1041	0	1041	0	1041
342	0.980000019073486	303	0	1	0	1	0	1041	0.00999999977648258	2032	0	1041	0.00999999977648258	2032
343	0.990000009536743	302	0.00999999977648258	423	0	1	0	1041	0	1041	0	1041	0	1041
344	0.97000002861023	399	0.0199999995529652	402	0	1	0	1041	0	1041	0	1041	0	1041
345	0.980000019073486	299	0.0199999995529652	395	0	1	0	1041	0	1041	0	1041	0	1041
346	0.980000019073486	395	0.0700000002980232	451	0.00999999977648258	451	0	1041	0	1041	0	1041	0	1041
347	0.97000002861023	299	0.0500000007450581	391	0.00999999977648258	112	0	1041	0	1041	0	1041	0	1041
348	0.980000019073486	298	0.0199999995529652	112	0.00999999977648258	112	0	1041	0	1041	0	1041	0	1041
349	0.879999995231628	392	0.0599999986588955	111	0.0199999995529652	392	0	1041	0	1041	0	1041	0	1041
350	0.980000019073486	249	0.0500000007450581	111	0.00999999977648258	111	0	1041	0	1041	0	1041	0	1041
351	0.150000005960464	454	0.0299999993294477	111	0.00999999977648258	113	0	1041	0.0199999995529652	1289	0	1041	0.00999999977648258	1289
352	0.0500000007450581	225	0.0199999995529652	113	0	1	0	1041	0.00999999977648258	1328	0	1041	0	1041
353	0.0299999993294477	249	0.00999999977648258	114	0	1	0	1041	0.0199999995529652	1289	0	1041	0.00999999977648258	1289
354	0.330000013113022	248	0.00999999977648258	108	0	1	0	1041	0.0199999995529652	1289	0	1041	0.00999999977648258	1289
355	0.740000009536743	246	0.00999999977648258	109	0	1	0	1041	0.0199999995529652	1293	0	1041	0.00999999977648258	1289
356	0.790000021457672	453	0.0299999993294477	453	0.0199999995529652	453	0	1041	0.0500000007450581	1289	0	1041	0.0399999991059303	1289
357	0.870000004768372	452	0.0399999991059303	452	0.0199999995529652	452	0	1041	0.00999999977648258	1293	0	1041	0.00999999977648258	1293
358	0.860000014305115	420	0.00999999977648258	420	0	1	0	1041	0.00999999977648258	1293	0	1041	0	1041
359	0.980000019073486	299	0.00999999977648258	109	0	1	0	1041	0	1041	0	1041	0	1041
360	0.97000002861023	420	0.0399999991059303	446	0.00999999977648258	446	0	1041	0	1041	0	1041	0	1041
361	0.980000019073486	421	0.0299999993294477	421	0	1	0	1041	0	1041	0	1041	0	1041
362	0.980000019073486	422	0.0299999993294477	403	0	1	0	1041	0	1041	0	1041	0	1041
363	0.980000019073486	422	0.0500000007450581	423	0	1	0	1041	0	1041	0	1041	0	1041
364	0.980000019073486	424	0.0199999995529652	423	0	1	0.00999999977648258	1071	0	1041	0	1041	0	1041
365	0.990000009536743	327	0.0299999993294477	423	0.00999999977648258	327	0	1041	0	1041	0	1041	0	1041
366	0.9200000166893	425	0.0199999995529652	425	0	1	0.0299999993294477	1071	0.00999999977648258	3231	0.0199999995529652	1071	0.00999999977648258	2114
367	0.889999985694885	332	0.00999999977648258	332	0.00999999977648258	332	0.0299999993294477	1071	0.0199999995529652	3234	0.0199999995529652	1071	0.00999999977648258	2073
368	0.779999971389771	305	0.00999999977648258	338	0	1	0.0199999995529652	1071	0.00999999977648258	2032	0.0199999995529652	1071	0.0199999995529652	2032
369	0.330000013113022	338	0	1	0	1	0.00999999977648258	1041	0.00999999977648258	2031	0.00999999977648258	1041	0.0199999995529652	2031
370	0.349999994039535	338	0	1	0	1	0.00999999977648258	1071	0.00999999977648258	2031	0	1041	0.0199999995529652	2032
371	0.259999990463257	305	0	1	0.00999999977648258	284	0.0199999995529652	1071	0.0199999995529652	2032	0.00999999977648258	1041	0.0299999993294477	2032
372	0.170000001788139	305	0	1	0	1	0.00999999977648258	1046	0.00999999977648258	2031	0.00999999977648258	1046	0.0299999993294477	2031
373	0.560000002384186	273	0.0199999995529652	271	0.00999999977648258	271	0.0199999995529652	1073	0.00999999977648258	1985	0.00999999977648258	1041	0.0199999995529652	1985
374	0.649999976158142	273	0.00999999977648258	271	0	1	0.00999999977648258	1045	0.00999999977648258	1985	0.00999999977648258	1042	0.0199999995529652	1985
375	0.709999978542328	271	0.0399999991059303	271	0.00999999977648258	271	0	1041	0.00999999977648258	1985	0	1041	0.0199999995529652	1986
376	0.779999971389771	272	0.0399999991059303	272	0.00999999977648258	262	0.00999999977648258	1074	0.00999999977648258	1985	0	1041	0.0199999995529652	1985
377	0.439999997615814	274	0.0199999995529652	88	0	1	0	1041	0.00999999977648258	1944	0	1041	0.00999999977648258	1944
378	0.740000009536743	261	0.0299999993294477	260	0.00999999977648258	261	0	1041	0.00999999977648258	2655	0	1041	0.00999999977648258	1947
379	0.790000021457672	260	0.0599999986588955	260	0.00999999977648258	260	0	1041	0.0199999995529652	1944	0	1041	0.0399999991059303	1944
380	0.629999995231628	260	0.0299999993294477	260	0	1	0	1041	0.00999999977648258	1948	0	1041	0.00999999977648258	1947
381	0.709999978542328	260	0.0399999991059303	257	0	1	0	1041	0	1041	0	1041	0	1041
382	0.379999995231628	257	0.00999999977648258	257	0	1	0	1041	0	1041	0	1041	0	1041
383	0.819999992847443	256	0.0500000007450581	256	0.00999999977648258	256	0	1041	0	1041	0	1041	0	1041
384	0.109999999403954	253	0.00999999977648258	253	0	1	0	1041	0	1041	0	1041	0	1041
385	0.469999998807907	249	0.0199999995529652	113	0.00999999977648258	249	0	1041	0	1041	0	1041	0	1041
386	0.0299999993294477	277	0.0199999995529652	213	0	1	0	1041	0	1041	0	1041	0	1041
387	0.360000014305115	277	0.00999999977648258	277	0	1	0	1041	0	1041	0	1041	0	1041
388	0.479999989271164	347	0.0299999993294477	210	0.00999999977648258	112	0	1041	0	1041	0	1041	0	1041
389	0.170000001788139	456	0.0299999993294477	113	0.00999999977648258	112	0	1041	0	1041	0	1041	0	1041
390	0.449999988079071	277	0.00999999977648258	277	0	1	0	1041	0	1041	0	1041	0	1041
391	0.930000007152557	347	0.0500000007450581	347	0	1	0	1041	0.0199999995529652	3417	0	1041	0.00999999977648258	3415
392	0.949999988079071	347	0.0700000002980232	452	0.0199999995529652	349	0	1041	0	1041	0	1041	0	1041
393	0.860000014305115	456	0.0299999993294477	452	0.0199999995529652	456	0	1041	0	1041	0	1041	0	1041
394	0.740000009536743	277	0.00999999977648258	275	0	1	0	1041	0.0199999995529652	3415	0	1041	0.00999999977648258	2221
395	0.980000019073486	346	0.0399999991059303	347	0	1	0	1041	0.00999999977648258	3415	0	1041	0.00999999977648258	3415
396	0.959999978542328	346	0.0399999991059303	459	0.00999999977648258	451	0	1041	0	1041	0	1041	0	1041
397	0.889999985694885	462	0.0399999991059303	462	0.0199999995529652	462	0	1041	0	1041	0	1041	0	1041
398	0.860000014305115	344	0.00999999977648258	275	0	1	0	1041	0.0199999995529652	3415	0	1041	0.00999999977648258	3412
399	0.97000002861023	344	0.0500000007450581	346	0	1	0	1041	0	1041	0	1041	0	1041
400	0.949999988079071	447	0.0399999991059303	451	0.00999999977648258	447	0	1041	0	1041	0	1041	0	1041
401	0.649999976158142	466	0.00999999977648258	462	0.00999999977648258	462	0	1041	0	1041	0	1041	0	1041
402	0.97000002861023	344	0.0199999995529652	344	0	1	0	1041	0.00999999977648258	3408	0	1041	0.00999999977648258	3409
403	0.97000002861023	443	0.0299999993294477	362	0	1	0	1041	0	1041	0	1041	0	1041
404	0.889999985694885	466	0.0199999995529652	210	0.00999999977648258	447	0	1041	0	1041	0	1041	0	1041
405	0.0199999995529652	470	0	1	0	1	0	1041	0	1041	0	1041	0	1041
406	0.939999997615814	439	0.00999999977648258	362	0	1	0	1041	0	1041	0	1041	0	1041
407	0.600000023841858	439	0.0199999995529652	210	0	1	0	1041	0	1041	0	1041	0	1041
408	0.0500000007450581	470	0	1	0	1	0	1041	0	1041	0	1041	0	1041
409	0	1	0	1	0	1	0	1041	0	1041	0	1041	0	1041
410	0	1	0	1	0	1	0	1041	0	1041	0	1041	0	1041
411	0	1	0	1	0	1	0	1041	0	1041	0	1041	0	1041
412	0	1	0	1	0	1	0	1041	0	1041	0	1041	0	1041
413	0.519999980926514	331	0.00999999977648258	107	0.00999999977648258	427	0.0199999995529652	1071	0.0199999995529652	1286	0.00999999977648258	1041	0.00999999977648258	1286
414	0.0199999995529652	107	0.00999999977648258	107	0	1	0	1041	0.00999999977648258	1286	0	1041	0.00999999977648258	1286
415	0.959999978542328	323	0.0199999995529652	323	0.00999999977648258	323	0	1041	0.00999999977648258	1289	0	1041	0.00999999977648258	1289
416	0.930000007152557	323	0.0199999995529652	319	0.00999999977648258	323	0	1041	0.00999999977648258	1289	0	1041	0.0199999995529652	1685
417	0.0199999995529652	319	0.00999999977648258	105	0	1	0	1041	0.0199999995529652	1290	0	1041	0.0299999993294477	1685
418	0.930000007152557	319	0.00999999977648258	319	0	1	0	1041	0.00999999977648258	1290	0	1041	0.00999999977648258	1651
419	0.119999997317791	360	0	1	0	1	0	1041	0.0299999993294477	1297	0	1041	0.00999999977648258	1294
420	0.97000002861023	360	0.0199999995529652	360	0	1	0	1041	0	1041	0	1041	0	1041
421	0.980000019073486	361	0.0299999993294477	361	0	1	0	1041	0	1041	0	1041	0	1041
422	0.980000019073486	362	0.0299999993294477	362	0	1	0	1041	0.00999999977648258	1685	0	1041	0.00999999977648258	1685
423	0.97000002861023	363	0.0500000007450581	363	0	1	0	1041	0	1041	0	1041	0.00999999977648258	1685
424	0.980000019073486	364	0.0199999995529652	363	0	1	0	1041	0	1041	0	1041	0	1041
425	0.939999997615814	364	0.0199999995529652	327	0.00999999977648258	327	0.00999999977648258	1070	0.00999999977648258	2189	0.00999999977648258	1041	0	1041
426	0.870000004768372	366	0.00999999977648258	365	0	1	0.00999999977648258	1041	0.0199999995529652	3230	0.00999999977648258	1041	0.0199999995529652	2114
427	0.170000001788139	331	0.00999999977648258	331	0.00999999977648258	413	0.00999999977648258	1041	0.0199999995529652	3230	0.00999999977648258	1041	0.00999999977648258	2191
428	0.0599999986588955	331	0	1	0	1	0.00999999977648258	1041	0.0199999995529652	3229	0.00999999977648258	1041	0.00999999977648258	2114
429	0	1	0	1	0	1	0	1041	0	1041	0	1041	0	1041
430	0	1	0	1	0	1	0	1041	0	1041	0	1041	0	1041
431	0	1	0	1	0	1	0	1041	0	1041	0	1041	0	1041
432	0.00999999977648258	107	0	1	0	1	0	1041	0.00999999977648258	1286	0	1041	0.00999999977648258	1286
433	0	1	0	1	0	1	0	1041	0	1041	0	1041	0.00999999977648258	1731
434	0.00999999977648258	107	0.00999999977648258	107	0	1	0	1041	0.00999999977648258	1286	0	1041	0.00999999977648258	1688
435	0.00999999977648258	107	0	1	0	1	0	1041	0.00999999977648258	1286	0	1041	0.00999999977648258	1286
436	0	1	0	1	0	1	0	1041	0	1041	0	1041	0	1041
437	0	1	0	1	0	1	0	1041	0	1041	0	1041	0	1041
438	0.00999999977648258	107	0.00999999977648258	414	0	1	0	1041	0.00999999977648258	1293	0	1041	0.0199999995529652	1685
439	0.939999997615814	406	0.00999999977648258	406	0	1	0	1041	0.00999999977648258	1685	0	1041	0.00999999977648258	1685
440	0.25	407	0.00999999977648258	98	0	1	0	1041	0	1041	0	1041	0	1041
441	0.00999999977648258	225	0	1	0	1	0	1041	0.00999999977648258	1293	0	1041	0.00999999977648258	1684
442	0.569999992847443	403	0.00999999977648258	360	0	1	0	1041	0.00999999977648258	1685	0	1041	0.00999999977648258	1685
443	0.97000002861023	403	0.00999999977648258	56	0	1	0	1041	0	1041	0	1041	0	1041
444	0.0500000007450581	53	0.00999999977648258	52	0	1	0	1041	0	1041	0	1041	0	1041
445	0.00999999977648258	53	0	1	0	1	0	1041	0.00999999977648258	1297	0	1041	0	1041
446	0.899999976158142	360	0.0399999991059303	360	0.00999999977648258	360	0	1041	0	1041	0	1041	0	1041
447	0.949999988079071	400	0.0199999995529652	400	0.00999999977648258	400	0	1041	0	1041	0	1041	0	1041
448	0.0399999991059303	49	0.00999999977648258	49	0	1	0	1041	0	1041	0	1041	0	1041
449	0.0199999995529652	49	0.00999999977648258	455	0.00999999977648258	455	0	1041	0	1041	0	1041	0	1041
450	0.0299999993294477	357	0.00999999977648258	454	0	1	0	1041	0	1041	0	1041	0	1041
451	0.829999983310699	360	0.0700000002980232	346	0.00999999977648258	346	0	1041	0	1041	0	1041	0	1041
452	0.870000004768372	357	0.0700000002980232	392	0.0299999993294477	357	0	1041	0.00999999977648258	1332	0	1041	0	1041
453	0.860000014305115	349	0.0399999991059303	357	0.0199999995529652	356	0	1041	0.00999999977648258	1293	0	1041	0.00999999977648258	1293
454	0.759999990463257	349	0.0299999993294477	214	0.00999999977648258	114	0	1041	0.00999999977648258	1289	0	1041	0.00999999977648258	1289
455	0.0399999991059303	228	0.00999999977648258	104	0.00999999977648258	449	0	1041	0.00999999977648258	2783	0	1041	0.00999999977648258	2783
456	0.860000014305115	393	0.0299999993294477	214	0.0199999995529652	393	0	1041	0	1041	0	1041	0	1041
457	0.0299999993294477	228	0.00999999977648258	108	0.00999999977648258	479	0	1041	0	1041	0	1041	0	1041
458	0.860000014305115	393	0.0299999993294477	393	0.0199999995529652	393	0	1041	0	1041	0	1041	0	1041
459	0.860000014305115	396	0.0399999991059303	396	0.0199999995529652	393	0	1041	0	1041	0	1041	0	1041
460	0.00999999977648258	49	0.00999999977648258	449	0.00999999977648258	449	0	1041	0	1041	0	1041	0	1041
461	0.00999999977648258	393	0	1	0	1	0	1041	0	1041	0	1041	0	1041
462	0.889999985694885	397	0.0399999991059303	397	0.0199999995529652	397	0	1041	0	1041	0	1041	0	1041
463	0.910000026226044	400	0.0299999993294477	400	0.00999999977648258	400	0	1041	0	1041	0	1041	0	1041
464	0.00999999977648258	52	0	1	0	1	0	1041	0	1041	0	1041	0	1041
465	0.00999999977648258	397	0	1	0	1	0	1041	0	1041	0	1041	0	1041
466	0.889999985694885	404	0.0199999995529652	400	0.00999999977648258	400	0	1041	0	1041	0	1041	0	1041
467	0.25	404	0.0199999995529652	99	0	1	0	1041	0.00999999977648258	2204	0	1041	0	1041
468	0.00999999977648258	55	0	1	0	1	0	1041	0	1041	0	1041	0	1041
469	0.0299999993294477	404	0	1	0	1	0	1041	0	1041	0	1041	0	1041
470	0.400000005960464	404	0.00999999977648258	55	0	1	0	1041	0	1041	0	1041	0	1041
471	0.00999999977648258	51	0.00999999977648258	55	0	1	0	1041	0	1041	0	1041	0	1041
472	0.0299999993294477	55	0.00999999977648258	52	0	1	0	1041	0	1041	0	1041	0	1041
473	0.0199999995529652	51	0.00999999977648258	92	0	1	0	1041	0	1041	0	1041	0	1041
474	0.0700000002980232	49	0.0199999995529652	100	0	1	0	1041	0	1041	0	1041	0	1041
475	0.0399999991059303	49	0.00999999977648258	49	0	1	0	1041	0	1041	0	1041	0	1041
476	0.0700000002980232	49	0.00999999977648258	48	0.00999999977648258	449	0	1041	0.00999999977648258	2787	0	1041	0.00999999977648258	2787
477	0.0399999991059303	49	0.00999999977648258	104	0	1	0	1041	0.119999997317791	2787	0	1041	0.0900000035762787	2787
478	0.00999999977648258	46	0.00999999977648258	103	0.00999999977648258	455	0	1041	0.0500000007450581	2783	0	1041	0.0399999991059303	2783
479	0.00999999977648258	448	0.00999999977648258	455	0.00999999977648258	455	0	1041	0.00999999977648258	2819	0	1041	0.00999999977648258	2819
480	0.00999999977648258	48	0	1	0	1	0	1041	0.00999999977648258	2823	0	1041	0	1041
481	0.00999999977648258	448	0	1	0	1	0	1041	0.0500000007450581	2783	0	1041	0.0500000007450581	2786
482	0.0199999995529652	448	0.00999999977648258	482	0.00999999977648258	482	0	1041	0.109999999403954	2826	0	1041	0.109999999403954	2826
483	0.00999999977648258	224	0.00999999977648258	484	0	1	0	1041	0.0199999995529652	2822	0	1041	0.0199999995529652	2822
484	0.0199999995529652	349	0.00999999977648258	98	0.00999999977648258	484	0	1041	0.0500000007450581	2826	0	1041	0.0500000007450581	2826
485	0.0199999995529652	349	0.0199999995529652	485	0.0299999993294477	485	0	1041	0.0799999982118607	2826	0	1041	0.0700000002980232	2826
486	0.0199999995529652	225	0.00999999977648258	52	0.00999999977648258	485	0	1041	0.0299999993294477	2822	0	1041	0.0299999993294477	2822
487	0.00999999977648258	97	0.00999999977648258	98	0.00999999977648258	487	0	1041	0.00999999977648258	2874	0	1041	0.00999999977648258	2874
488	0.00999999977648258	43	0.00999999977648258	97	0	1	0	1041	0.00999999977648258	2658	0	1041	0.00999999977648258	2874
489	0.00999999977648258	96	0.00999999977648258	484	0.0199999995529652	489	0	1041	0.00999999977648258	2874	0	1041	0.00999999977648258	2874
490	0.00999999977648258	356	0.00999999977648258	482	0.00999999977648258	490	0	1041	0.00999999977648258	2874	0	1041	0	1041
491	0.00999999977648258	444	0.00999999977648258	485	0.00999999977648258	491	0	1041	0.00999999977648258	2658	0	1041	0	1041
492	0.00999999977648258	43	0.00999999977648258	490	0.00999999977648258	492	0	1041	0.00999999977648258	2655	0	1041	0.00999999977648258	2658
493	0.00999999977648258	444	0.00999999977648258	491	0.00999999977648258	493	0	1041	0	1041	0	1041	0	1041
494	0.00999999977648258	43	0.00999999977648258	490	0.00999999977648258	492	0	1041	0.00999999977648258	2662	0	1041	0	1041
495	0.00999999977648258	444	0.00999999977648258	492	0.00999999977648258	495	0	1041	0	1041	0	1041	0	1041
496	0.00999999977648258	448	0.00999999977648258	494	0.00999999977648258	496	0	1041	0	1041	0	1041	0	1041
497	0.00999999977648258	444	0.00999999977648258	494	0.00999999977648258	497	0	1041	0.00999999977648258	2662	0	1041	0.00999999977648258	2702
498	0.00999999977648258	41	0.00999999977648258	491	0.0199999995529652	498	0	1041	0.00999999977648258	2761	0	1041	0.00999999977648258	2761
499	0.0199999995529652	447	0.00999999977648258	494	0.00999999977648258	498	0	1041	0.0399999991059303	2765	0	1041	0.0199999995529652	2761
500	0.0199999995529652	447	0.00999999977648258	494	0.00999999977648258	500	0	1041	0.0500000007450581	2764	0	1041	0.0299999993294477	2764
501	0.0199999995529652	447	0.00999999977648258	491	0.0199999995529652	501	0	1041	0.0399999991059303	2765	0	1041	0.0299999993294477	2765
502	0.00999999977648258	404	0.00999999977648258	494	0.0199999995529652	502	0	1041	0.0399999991059303	2765	0	1041	0.0199999995529652	2764
503	0.0199999995529652	472	0.00999999977648258	494	0.00999999977648258	502	0	1041	0.0500000007450581	2765	0	1041	0.0299999993294477	2765
504	0.0199999995529652	472	0.0199999995529652	504	0.0199999995529652	504	0	1041	0.0199999995529652	2765	0	1041	0.00999999977648258	2765
505	0.0199999995529652	447	0.0199999995529652	505	0.0199999995529652	505	0	1041	0.0399999991059303	2761	0	1041	0.0299999993294477	2765
506	0.0199999995529652	473	0.0199999995529652	506	0.0199999995529652	506	0	1041	0.0299999993294477	2761	0	1041	0.0199999995529652	2761
507	0.0199999995529652	475	0.00999999977648258	500	0.00999999977648258	506	0	1041	0.0299999993294477	2702	0	1041	0.00999999977648258	2658
508	0.00999999977648258	447	0.00999999977648258	501	0.00999999977648258	507	0	1041	0.00999999977648258	2662	0	1041	0	1041
509	0.00999999977648258	43	0.00999999977648258	500	0.00999999977648258	507	0	1041	0.0299999993294477	2658	0	1041	0.0199999995529652	2658
510	0.00999999977648258	43	0.00999999977648258	501	0.00999999977648258	509	0	1041	0.0399999991059303	2658	0	1041	0.0199999995529652	2658
511	0.00999999977648258	41	0.00999999977648258	485	0.0199999995529652	511	0	1041	0.0199999995529652	2794	0	1041	0.00999999977648258	2655
512	0.00999999977648258	41	0.0199999995529652	512	0.0199999995529652	512	0	1041	0.0199999995529652	3160	0	1041	0.00999999977648258	2655
513	0.00999999977648258	417	0.00999999977648258	501	0.0299999993294477	513	0	1041	0.0199999995529652	2794	0	1041	0.00999999977648258	2655
514	0.00999999977648258	417	0.0199999995529652	514	0.0199999995529652	514	0	1041	0.0199999995529652	3160	0	1041	0.00999999977648258	2655
515	0.00999999977648258	69	0.0199999995529652	515	0.0299999993294477	515	0	1041	0.0199999995529652	3160	0	1041	0.00999999977648258	2794
516	0.00999999977648258	66	0.0199999995529652	516	0.0299999993294477	516	0	1041	0.0199999995529652	2794	0	1041	0.00999999977648258	2624
517	0.00999999977648258	414	0.00999999977648258	492	0.00999999977648258	515	0	1041	0.00999999977648258	2624	0	1041	0	1041
518	0.00999999977648258	66	0.00999999977648258	70	0.0199999995529652	518	0	1041	0.0199999995529652	2794	0	1041	0.00999999977648258	2655
519	0.00999999977648258	454	0.00999999977648258	506	0.0199999995529652	519	0	1041	0.0299999993294477	2655	0	1041	0.0199999995529652	2655
520	0.00999999977648258	1	0.00999999977648258	1	0.0199999995529652	520	0	1041	0.0500000007450581	2658	0	1041	0.0299999993294477	2658
