P6_Residue	CP P6 self-association 	Interracting Index P6 self-association 	CP P6 vs P6 (dsRNA) 	Interracting Index P6 vs P6 (dsRNA) 	CP P6 vs P6 (TOR) 	Interracting Index P6 vs P6 (TOR) 	CP P6A dsRNA binding 	Interracting Index P6A dsRNA binding 	CP P6A to TOR 	Interracting Index P6A to TOR 	CP P6B dsRNA binding 	Interracting Index P6A dsRNA binding 	CP P6B to TOR 	Interracting Index P6B to TOR 
1	0.01	62	0.180000007	28	0.219999999	32	0	1	0.01	1	0	1	0.01	1
2	0.01	61	0.230000004	28	0.129999995	28	0	1	0	1	0	1	0	1
3	0.01	62	0.519999981	28	0.600000024	28	0	1	0	1	0	1	0	1
4	0.01	59	0.670000017	25	0.74000001	25	0	1	0	1	0	1	0	1
5	0.02	61	0.029999999	39	0.01	25	0	1	0	1	0	1	0	1
6	0.02	61	0.01	18	0.01	21	0	1	0	1	0	1	0	1
7	0.01	52	0.74000001	21	0.790000021	25	0	1	0	1	0	1	0	1
8	0.02	64	0.790000021	25	0.829999983	25	0	1	0	1	0	1	0	1
9	0.059999999	59	0.039999999	20	0.01	20	0	1	0.029999999	2393	0	1	0.01	2390
10	0.02	59	0.839999974	21	0.819999993	21	0	1	0.01	2386	0	1	0	1
11	0.01	51	0.720000029	22	0.769999981	18	0	1	0	1	0	1	0	1
12	0.039999999	59	0.029999999	15	0.01	15	0	1	0.02	2393	0	1	0.01	2393
13	0.059999999	56	0.029999999	13	0.01	13	0	1	0.050000001	2389	0	1	0.029999999	2389
14	0.01	47	0.769999981	14	0.860000014	14	0	1	0	1	0	1	0	1
15	0.02	52	0.75999999	18	0.790000021	18	0	1	0	1	0	1	0	1
16	0.079999998	56	0.059999999	16	0.01	14	0	1	0.050000001	2389	0	1	0.029999999	2389
17	0.039999999	176	0.75	14	0.720000029	14	0	1	0.039999999	2389	0	1	0.02	2389
18	0.02	51	0.810000002	18	0.899999976	18	0	1	0	1	0	1	0	1
19	0.050000001	55	0.01	8	0.01	11	0	1	0	1	0	1	0	1
20	0.100000001	52	0.039999999	9	0.01	7	0	1	0.029999999	2389	0	1	0.02	2389
21	0.02	52	0.839999974	10	0.819999993	10	0	1	0	1	0	1	0	1
22	0.02	53	0.720000029	11	0.709999979	11	0	1	0	1	0	1	0	1
23	0.050000001	55	0.01	6	0.01	7	0	1	0.01	2393	0	1	0.01	2393
24	0.02	56	0.699999988	7	0.730000019	7	0	1	0.01	2396	0	1	0	1
25	0.02	56	0.779999971	8	0.829999983	8	0	1	0	1	0	1	0	1
26	0.01	57	0.01	4	0.01	4	0	1	0	1	0	1	0	1
27	0.029999999	59	0.039999999	2	0.02	27	0	1	0.01	2393	0	1	0.01	2393
28	0.01	59	0.689999998	7	0.699999988	7	0	1	0	1	0	1	0	1
29	0.01	61	0.540000021	4	0.600000024	4	0	1	0	1	0	1	0	1
30	0.01	61	0.01	1	0.01	1	0	1	0	1	0	1	0	1
31	0.01	62	0.07	1	0.050000001	1	0	1	0	1	0	1	0	1
32	0.01	63	0.150000006	1	0.219999999	1	0	1	0	1	0	1	0	1
33	0.01	64	0.059999999	4	0.07	4	0	1	0	1	0	1	0	1
34	0.01	65	0.059999999	4	0.050000001	4	0	1	0	1	0	1	0	1
35	0.01	66	0.059999999	1	0.050000001	1	0	1	0	1	0	1	0	1
36	0.01	67	0.050000001	1	0.039999999	1	0	1	0	1	0	1	0	1
37	0.01	68	0.029999999	3	0.01	1	0	1	0	1	0	1	0	1
38	0.01	70	0.029999999	3	0.01	1	0	1	0	1	0	1	0	1
39	0.01	70	0.039999999	4	0.02	39	0	1	0	1	0	1	0	1
40	0.01	71	0.02	1	0.01	1	0	1	0	1	0	1	0	1
41	0.01	72	0.029999999	4	0.029999999	41	0	1	0	1	0	1	0	1
42	0.01	73	0.01	1	0.01	8	0	1	0	1	0	1	0	1
43	0.01	74	0.01	1	0.01	8	0	1	0	1	0	1	0	1
44	0.01	77	0.01	1	0.01	8	0	1	0	1	0	1	0	1
45	0.01	76	0.01	1	0.02	45	0	1	0	1	0	1	0	1
46	0.02	477	0.01	1	0.02	46	0	1	0	1	0	1	0	1
47	0.02	477	0.01	1	0.02	47	0	1	0	1	0	1	0	1
48	0.02	476	0.01	1	0.01	47	0	1	0	1	0	1	0	1
49	0.07	474	0.02	51	0.01	49	0	1	0	1	0	1	0	1
50	0.029999999	474	0.01	3	0.01	50	0	1	0	1	0	1	0	1
51	0.039999999	19	0.029999999	51	0.02	51	0	1	0	1	0	1	0	1
52	0.100000001	20	0.079999998	52	0.039999999	52	0	1	0	1	0	1	0	1
53	0.050000001	444	0.02	51	0.02	53	0	1	0	1	0	1	0	1
54	0.029999999	16	0.02	51	0.029999999	54	0	1	0	1	0	1	0	1
55	0.07	16	0.050000001	55	0.029999999	55	0	1	0	1	0	1	0	1
56	0.079999998	16	0.090000004	56	0.07	56	0	1	0	1	0	1	0	1
57	0.02	16	0.02	55	0.029999999	57	0	1	0	1	0	1	0	1
58	0.029999999	12	0.02	55	0.029999999	58	0	1	0	1	0	1	0	1
59	0.059999999	9	0.029999999	59	0.039999999	59	0	1	0	1	0	1	0	1
60	0.02	12	0.02	59	0.029999999	60	0	1	0	1	0	1	0	1
61	0.029999999	9	0.02	51	0.029999999	61	0	1	0	1	0	1	0	1
62	0.02	5	0.02	61	0.039999999	62	0	1	0	1	0	1	0	1
63	0.02	9	0.02	62	0.029999999	63	0	1	0	1	0	1	0	1
64	0.039999999	9	0.039999999	64	0.039999999	64	0	1	0	1	0	1	0	1
65	0.01	2	0.029999999	64	0.02	65	0	1	0	1	0	1	0	1
66	0.01	1	0.050000001	66	0.029999999	66	0	1	0	1	0	1	0	1
67	0.02	6	0.039999999	66	0.029999999	67	0	1	0.01	2171	0	1	0	1
68	0.01	2	0.029999999	68	0.029999999	68	0	1	0.01	2156	0	1	0	1
69	0.01	1	0.029999999	69	0.02	69	0	1	0.02	2171	0	1	0	1
70	0.01	13	0.050000001	70	0.059999999	70	0.01	59	0.02	2476	0	1	0.01	2476
71	0.01	4	0.029999999	70	0.029999999	71	0	1	0.02	2476	0	1	0.01	2476
72	0.01	7	0.029999999	72	0.050000001	72	0	1	0.039999999	2476	0	1	0.01	2156
73	0.01	9	0.02	73	0.029999999	73	0	1	0.029999999	2476	0	1	0.01	2251
74	0.01	33	0.029999999	74	0.039999999	74	0	1	0.029999999	2249	0	1	0.01	2249
75	0.02	260	0.02	376	0.02	75	0	1	0.029999999	2266	0	1	0.01	2266
76	0.01	41	0.02	76	0.01	73	0	1	0.050000001	2251	0	1	0.01	2074
77	0.01	13	0.02	77	0.02	77	0	1	0.02	2074	0	1	0.01	2075
78	0.01	13	0.02	76	0.039999999	78	0	1	0.039999999	2266	0	1	0.01	1813
79	0.01	9	0.02	78	0.029999999	79	0	1	0.07	2265	0	1	0.029999999	1813
80	0.01	7	0.02	79	0.039999999	80	0	1	0.07	1810	0	1	0.079999998	1810
81	0.01	4	0.100000001	81	0.07	81	0	1	0.079999998	2149	0	1	0.100000001	1764
82	0.01	6	0.02	83	0.029999999	82	0	1	0.059999999	2149	0	1	0.039999999	1764
83	0.02	350	0.02	82	0.029999999	83	0	1	0.059999999	1761	0	1	0.07	1761
84	0.01	10	0.02	83	0.02	84	0	1	0.02	1761	0	1	0.02	1761
85	0.02	52	0.02	83	0.029999999	85	0	1	0.02	1761	0	1	0.029999999	1761
86	0.02	52	0.050000001	86	0.100000001	86	0	1	0.039999999	1761	0	1	0.039999999	1761
87	0.02	55	0.01	41	0.029999999	87	0	1	0.029999999	1724	0	1	0.039999999	1724
88	0.039999999	376	0.029999999	88	0.029999999	88	0	1	0.01	1724	0	1	0.01	1724
89	0.01	34	0.02	89	0.02	89	0	1	0	1	0	1	0	1
90	0.02	56	0.02	90	0.029999999	90	0	1	0.01	596	0	1	0.01	596
91	0.01	41	0.02	91	0.029999999	91	0	1	0	1	0	1	0	1
92	0.01	13	0.02	92	0.02	92	0	1	0	1	0	1	0	1
93	0.01	7	0.029999999	93	0.039999999	93	0	1	0.02	539	0	1	0.02	539
94	0.01	39	0.02	93	0.039999999	94	0	1	0.029999999	155	0	1	0.02	155
95	0.01	11	0.029999999	96	0.039999999	95	0	1	0.02	155	0	1	0.02	506
96	0.01	41	0.039999999	96	0.039999999	96	0	1	0.02	155	0	1	0.01	155
97	0.01	7	0.02	95	0.039999999	97	0	1	0.01	155	0	1	0.01	155
98	0.02	290	0.02	96	0.02	99	0	1	0.039999999	197	0	1	0.02	155
99	0.02	52	0.090000004	99	0.07	99	0	1	0.050000001	197	0	1	0.039999999	197
100	0.039999999	189	0.02	97	0.029999999	100	0	1	0.01	197	0	1	0.01	197
101	0.01	13	0.02	100	0.029999999	101	0	1	0.02	238	0	1	0.01	197
102	0.029999999	144	0.02	102	0.029999999	102	0	1	0.02	284	0	1	0.02	284
103	0.02	171	0.01	95	0.039999999	103	0	1	0.02	365	0	1	0.02	365
104	0.039999999	171	0.01	61	0.029999999	104	0	1	0.090000004	325	0	1	0.079999998	325
105	0.050000001	185	0.01	64	0.07	105	0	1	0.239999995	365	0	1	0.209999993	365
106	0.059999999	144	0.039999999	106	0.07	106	0	1	0.280000001	362	0	1	0.25	362
107	0.039999999	169	0.01	99	0.01	104	0	1	0.129999995	362	0.01	12	0.129999995	362
108	0.050000001	171	0.01	95	0.02	108	0	1	0.07	231	0	1	0.059999999	230
109	0.050000001	170	0.02	350	0.02	109	0.01	12	0.109999999	277	0.01	11	0.100000001	277
110	0.050000001	226	0.02	350	0.029999999	110	0.01	11	0.090000004	318	0.01	11	0.079999998	318
111	0.079999998	349	0.059999999	349	0.02	111	0.01	10	0.129999995	318	0.02	12	0.119999997	318
112	0.07	225	0.050000001	349	0.039999999	112	0.01	11	0.189999998	315	0.01	11	0.189999998	315
113	0.07	222	0.039999999	349	0.029999999	113	0	1	0.100000001	315	0.01	12	0.079999998	315
114	0.059999999	225	0.050000001	349	0.050000001	114	0	1	0.180000007	227	0	1	0.180000007	227
115	0.039999999	223	0.029999999	351	0.02	115	0	1	0.050000001	223	0	1	0.050000001	223
116	0.02	222	0.01	111	0.02	116	0	1	0.02	223	0	1	0.01	223
117	0.01	52	0.01	116	0.01	117	0	1	0.01	223	0	1	0.01	223
118	0.01	41	0.01	114	0.02	118	0	1	0	1	0	1	0	1
119	0.01	41	0.01	118	0.01	118	0	1	0.01	53	0	1	0	1
120	0.02	178	0.01	86	0.02	120	0	1	0.01	53	0	1	0.01	53
121	0.01	39	0.01	120	0.02	121	0	1	0.01	52	0	1	0.01	53
122	0.01	39	0.01	93	0.02	122	0	1	0.01	53	0	1	0.01	53
123	0.01	39	0.01	120	0.029999999	123	0	1	0.01	53	0	1	0.01	53
124	0.01	9	0.01	81	0.029999999	124	0	1	0.01	106	0	1	0.01	109
125	0.02	174	0.01	120	0.029999999	125	0	1	0	1	0	1	0	1
126	0.02	174	0.01	86	0.01	126	0	1	0	1	0	1	0	1
127	0.01	13	0.01	67	0.02	127	0	1	0.01	596	0	1	0	1
128	0.01	39	0.01	122	0	1	0	1	0	1	0	1	0	1
129	0.01	37	0.01	120	0.01	129	0	1	0	1	0	1	0	1
130	0.01	41	0.01	126	0	1	0	1	0	1	0	1	0	1
131	0.01	41	0.01	129	0.02	131	0	1	0	1	0.01	22	0	1
132	0.01	39	0.02	171	0.01	131	0.01	4	0.01	2204	0.01	21	0	1
133	0.01	41	0.02	144	0.01	133	0.01	3	0.02	2179	0.02	40	0.01	1829
134	0.029999999	174	0.02	169	0	1	0.029999999	5	0.029999999	2202	0.029999999	40	0.02	2202
135	0.050000001	174	0.02	169	0	1	0.01	4	0.01	2180	0.01	39	0.01	2180
136	0.039999999	174	0.029999999	167	0	1	0	1	0.029999999	2202	0.01	39	0.02	2180
137	0.360000014	174	0.01	290	0	1	0	1	0.02	2201	0.01	41	0.02	2201
138	0.280000001	174	0.01	245	0	1	0	1	0	1	0	1	0	1
139	0.980000019	173	0	1	0	1	0	1	0.029999999	2194	0	1	0.029999999	2194
140	1	173	0.01	245	0	1	0	1	0	1	0	1	0	1
141	0.970000029	172	0	1	0	1	0.01	13	0.07	2190	0.01	13	0.07	2190
142	0.980000019	173	0	1	0	1	0	1	0	1	0	1	0.01	2190
143	0.540000021	195	0	1	0	1	0	1	0	1	0	1	0	1
144	0.980000019	186	0.02	133	0.01	186	0	1	0.01	2428	0	1	0.01	2428
145	0.569999993	186	0.01	102	0	1	0	1	0	1	0	1	0	1
146	0.119999997	210	0.01	209	0	1	0	1	0	1	0	1	0	1
147	0.200000003	213	0.01	205	0.01	205	0	1	0	1	0	1	0	1
148	0.529999971	205	0.02	205	0.02	205	0	1	0	1	0	1	0	1
149	0.920000017	195	0	1	0	1	0	1	0	1	0	1	0	1
150	0.99000001	195	0	1	0	1	0	1	0	1	0	1	0	1
151	0.99000001	198	0.01	243	0	1	0	1	0	1	0	1	0	1
152	0.970000029	198	0.01	203	0.01	205	0	1	0	1	0	1	0	1
153	0.870000005	199	0.01	243	0.01	243	0	1	0	1	0	1	0	1
154	0.850000024	200	0.01	200	0	1	0	1	0.01	2088	0	1	0.01	2088
155	0.02	109	0.01	108	0	1	0.100000001	14	0.159999996	1905	0.140000001	14	0.129999995	1905
156	0.159999996	200	0.01	156	0	1	0	1	0.02	1901	0.01	14	0.02	1901
157	0.879999995	198	0.01	160	0.01	203	0	1	0	1	0	1	0	1
158	0.050000001	203	0	1	0	1	0.029999999	14	0.039999999	1905	0.039999999	13	0.029999999	1905
159	0.150000006	207	0.02	163	0	1	0.039999999	48	0.079999998	1901	0.050000001	13	0.07	1901
160	0.49000001	205	0.02	203	0.02	205	0	1	0	1	0	1	0	1
161	0.50999999	205	0.01	106	0.02	205	0	1	0	1	0	1	0	1
162	0.050000001	207	0	1	0	1	0.100000001	16	0.07	1908	0.079999998	51	0.050000001	1908
163	0.270000011	207	0.02	159	0	1	0.02	16	0.050000001	1904	0.02	26	0.050000001	1904
164	0.150000006	208	0.01	207	0	1	0.059999999	16	0.02	1912	0.039999999	16	0.02	1912
165	0.090000004	207	0.01	208	0	1	0.050000001	49	0.01	2188	0.050000001	49	0.01	2188
166	0.050000001	213	0.01	136	0	1	0.02	49	0.050000001	1912	0.01	16	0.039999999	1912
167	0.050000001	219	0.029999999	136	0	1	0.039999999	16	0.02	1909	0.039999999	49	0.02	1909
168	0.029999999	111	0.01	109	0	1	0.059999999	16	0.039999999	1908	0.07	16	0.029999999	1908
169	0.079999998	227	0.02	133	0	1	0.059999999	12	0.079999998	1908	0.079999998	12	0.07	1908
170	0.050000001	109	0.01	106	0	1	0.119999997	48	0.079999998	1908	0.189999998	12	0.07	1908
171	0.07	227	0.02	132	0	1	0.01	36	0.119999997	1906	0.01	12	0.100000001	1906
172	0.980000019	140	0.01	108	0	1	0.01	13	0.170000002	1906	0.02	13	0.119999997	1906
173	1	140	0.01	109	0	1	0	1	0.01	1906	0	1	0.01	1906
174	0.970000029	139	0.01	230	0	1	0	1	0	1	0	1	0	1
175	0.939999998	140	0.079999998	251	0.01	251	0	1	0	1	0	1	0	1
176	0.970000029	140	0.079999998	251	0.02	245	0	1	0	1	0	1	0	1
177	0.07	254	0.119999997	251	0.059999999	254	0	1	0	1	0	1	0	1
178	0.75	140	0.02	211	0.01	254	0	1	0	1	0	1	0	1
179	0.99000001	140	0	1	0	1	0	1	0	1	0	1	0	1
180	0.079999998	140	0.079999998	254	0.029999999	254	0	1	0	1	0	1	0	1
181	0.039999999	254	0.07	254	0.039999999	254	0	1	0	1	0	1	0	1
182	0.959999979	142	0.01	102	0	1	0	1	0.01	2428	0	1	0.01	2428
183	0.970000029	142	0	1	0	1	0	1	0	1	0	1	0	1
184	0.029999999	258	0.039999999	258	0.029999999	254	0	1	0	1	0	1	0	1
185	0.059999999	225	0.01	100	0.01	254	0	1	0.01	2428	0	1	0.01	2428
186	0.980000019	144	0.01	100	0.01	144	0	1	0.01	2428	0	1	0.01	2428
187	0.230000004	144	0	1	0	1	0	1	0	1	0	1	0	1
188	0.01	98	0	1	0.01	258	0	1	0.01	656	0	1	0	1
189	0.079999998	225	0.01	100	0	1	0	1	0	1	0	1	0	1
190	0.569999993	145	0	1	0	1	0	1	0	1	0	1	0	1
191	0.01	97	0	1	0	1	0	1	0.01	695	0	1	0	1
192	0.280000001	145	0	1	0	1	0	1	0	1	0	1	0	1
193	0.090000004	149	0	1	0	1	0	1	0	1	0	1	0	1
194	0.02	149	0.02	288	0.02	291	0	1	0	1	0	1	0	1
195	0.99000001	150	0	1	0	1	0	1	0	1	0	1	0	1
196	0.959999979	150	0.029999999	290	0.01	288	0	1	0.01	649	0	1	0	1
197	0.980000019	151	0.050000001	290	0.02	290	0	1	0	1	0	1	0	1
198	0.99000001	151	0.01	238	0.01	205	0	1	0	1	0	1	0	1
199	0.870000005	153	0.02	315	0.01	241	0	1	0	1	0	1	0	1
200	0.860000014	153	0.01	154	0	1	0	1	0	1	0	1	0	1
201	0.439999998	154	0.01	242	0	1	0	1	0	1	0	1	0	1
202	0.200000003	157	0.01	238	0	1	0	1	0	1	0	1	0	1
203	0.579999983	157	0.02	157	0.01	148	0	1	0	1	0	1	0	1
204	0.189999998	157	0.01	242	0	1	0	1	0	1	0	1	0	1
205	0.529999971	148	0.02	148	0.029999999	205	0	1	0	1	0	1	0	1
206	0.460000008	160	0.01	160	0	1	0	1	0.01	1941	0	1	0.01	1944
207	0.449999988	160	0.029999999	254	0.01	147	0	1	0.079999998	1945	0	1	0.079999998	1945
208	0.200000003	163	0.01	80	0	1	0	1	0.050000001	1945	0	1	0.039999999	1944
209	0.140000001	294	0.039999999	294	0	1	0	1	0.079999998	1937	0	1	0.07	1937
210	0.189999998	294	0.07	294	0.01	81	0	1	0.219999999	1940	0	1	0.209999993	1940
211	0.140000001	294	0.059999999	294	0.01	210	0	1	0.100000001	1937	0	1	0.090000004	1937
212	0.090000004	147	0.02	290	0	1	0	1	0.01	1937	0	1	0.01	1937
213	0.200000003	147	0.029999999	389	0.01	214	0	1	0.059999999	1944	0	1	0.059999999	1944
214	0.100000001	147	0.050000001	214	0.039999999	214	0	1	0.079999998	2017	0	1	0.07	2017
215	0.039999999	147	0.02	215	0.01	215	0	1	0.02	2021	0	1	0.02	783
216	0.059999999	147	0.01	146	0	1	0	1	0.01	783	0	1	0.01	783
217	0.029999999	145	0.01	216	0.01	217	0	1	0.01	783	0	1	0.01	783
218	0.039999999	167	0.01	167	0.01	218	0	1	0	1	0	1	0	1
219	0.050000001	167	0.01	166	0	1	0	1	0	1	0	1	0	1
220	0.02	167	0	1	0.01	220	0	1	0	1	0	1	0	1
221	0.029999999	167	0.01	222	0	1	0	1	0	1	0	1	0	1
222	0.07	113	0.01	108	0.01	222	0	1	0	1	0	1	0	1
223	0.050000001	114	0.01	113	0	1	0	1	0	1	0	1	0	1
224	0.050000001	111	0.01	105	0.029999999	224	0.01	11	0.01	2007	0.01	11	0	1
225	0.079999998	189	0.029999999	349	0.02	225	0	1	0.01	2011	0	1	0	1
226	0.100000001	349	0.029999999	349	0.01	225	0	1	0	1	0	1	0	1
227	0.140000001	144	0.050000001	227	0.039999999	227	0	1	0	1	0	1	0	1
228	0.090000004	182	0.01	104	0.01	226	0	1	0	1	0	1	0	1
229	0.039999999	173	0.01	108	0.01	229	0	1	0	1	0	1	0	1
230	0.029999999	172	0.01	108	0	1	0	1	0	1	0	1	0	1
231	0.039999999	174	0.01	173	0	1	0	1	0	1	0	1	0	1
232	0.02	174	0.01	213	0.01	232	0	1	0	1	0	1	0	1
233	0.01	104	0.01	232	0.01	233	0	1	0	1	0	1	0	1
234	0.01	104	0.01	234	0.01	234	0	1	0	1	0	1	0	1
235	0.02	314	0.01	235	0	1	0	1	0	1	0	1	0	1
236	0.02	315	0.01	237	0	1	0	1	0	1	0	1	0	1
237	0.02	314	0.01	236	0	1	0	1	0	1	0	1	0	1
238	0.050000001	315	0.01	196	0	1	0	1	0.01	611	0	1	0	1
239	0.029999999	315	0.01	199	0	1	0	1	0	1	0	1	0	1
240	0.109999999	318	0.01	196	0	1	0	1	0	1	0	1	0	1
241	0.129999995	315	0.01	99	0.01	199	0	1	0	1	0	1	0	1
242	0.129999995	315	0.01	100	0	1	0	1	0	1	0	1	0	1
243	0.159999996	315	0.01	100	0.01	153	0	1	0.01	656	0	1	0.01	691
244	0.270000011	297	0.01	102	0	1	0	1	0	1	0	1	0	1
245	0.270000011	297	0.029999999	176	0.02	176	0	1	0.01	656	0	1	0	1
246	0.74000001	355	0.01	106	0	1	0	1	0.01	292	0	1	0	1
247	0.959999979	297	0.02	177	0.01	177	0	1	0	1	0	1	0	1
248	0.519999981	355	0.02	175	0.01	177	0	1	0	1	0	1	0	1
249	0.980000019	350	0.029999999	210	0.01	350	0	1	0	1	0	1	0	1
250	0.029999999	207	0.029999999	177	0.02	177	0	1	0	1	0	1	0	1
251	0.910000026	294	0.100000001	177	0.050000001	177	0	1	0.02	656	0	1	0	1
252	0.980000019	298	0.02	388	0	1	0	1	0	1	0	1	0	1
253	0.800000012	383	0.029999999	383	0.01	177	0	1	0	1	0	1	0	1
254	0.100000001	210	0.07	177	0.050000001	177	0	1	0.029999999	695	0	1	0.01	695
255	0.980000019	298	0.059999999	177	0.01	177	0	1	0.01	652	0	1	0	1
256	0.980000019	300	0.050000001	383	0.01	383	0	1	0	1	0	1	0	1
257	0.660000026	381	0.039999999	381	0.01	381	0	1	0	1	0	1	0	1
258	0.059999999	210	0.029999999	184	0.02	184	0	1	0.039999999	691	0	1	0.01	656
259	0.899999976	300	0.01	88	0	1	0	1	0.01	691	0	1	0	1
260	0.790000021	379	0.050000001	379	0.01	379	0	1	0	1	0	1	0	1
261	0.74000001	378	0.029999999	378	0.01	378	0	1	0.01	691	0	1	0	1
262	0.529999971	378	0.029999999	378	0.01	376	0	1	0.01	691	0	1	0	1
263	0.569999993	378	0.029999999	378	0.01	376	0	1	0.01	1615	0	1	0.01	1618
264	0.379999995	375	0.01	98	0.01	376	0	1	0.01	691	0	1	0.01	1618
265	0.109999999	375	0	1	0	1	0	1	0.029999999	1618	0	1	0.029999999	1618
266	0.059999999	375	0.01	194	0	1	0	1	0.029999999	691	0	1	0.01	1618
267	0.029999999	373	0.01	95	0	1	0	1	0.01	648	0	1	0	1
268	0.029999999	373	0	1	0	1	0	1	0.01	644	0	1	0	1
269	0.07	312	0.01	284	0	1	0	1	0.029999999	645	0	1	0.01	644
270	0.02	210	0.01	176	0	1	0	1	0	1	0	1	0	1
271	0.709999979	375	0.039999999	375	0.01	373	0	1	0.01	945	0	1	0.01	945
272	0.779999971	376	0.029999999	375	0.01	376	0	1	0.01	945	0	1	0.01	945
273	0.709999979	376	0.039999999	376	0	1	0.01	33	0.01	945	0.01	33	0.02	945
274	0.680000007	376	0.029999999	376	0.01	376	0.02	34	0.02	904	0.01	3	0.050000001	904
275	0.600000024	398	0.01	395	0	1	0.01	4	0.01	904	0.01	3	0.029999999	904
276	0.50999999	394	0	1	0	1	0.01	3	0.01	904	0.01	3	0.039999999	905
277	0.75	391	0.02	391	0	1	0	1	0.01	2375	0	1	0.01	2375
278	0.910000026	391	0.039999999	391	0	1	0	1	0.02	2375	0	1	0.01	2375
279	0.550000012	376	0.01	75	0	1	0	1	0	1	0	1	0.01	904
280	0.050000001	376	0.01	395	0	1	0	1	0.01	2375	0	1	0	1
281	0.01	210	0.01	210	0	1	0	1	0	1	0	1	0	1
282	0.439999998	373	0.01	373	0	1	0	1	0	1	0	1	0.01	993
283	0.01	372	0	1	0	1	0	1	0	1	0	1	0	1
284	0.140000001	371	0.01	269	0.01	371	0	1	0	1	0	1	0	1
285	0.319999993	338	0.01	307	0	1	0	1	0.01	645	0	1	0	1
286	0.01	196	0.01	269	0	1	0.01	21	0.07	644	0.01	21	0.039999999	644
287	0.01	373	0	1	0	1	0	1	0.039999999	645	0	1	0.02	645
288	0.039999999	211	0.02	176	0.01	194	0	1	0.109999999	649	0	1	0.029999999	645
289	0.01	211	0.01	197	0	1	0	1	0.050000001	645	0	1	0.029999999	645
290	0.100000001	211	0.039999999	197	0.02	197	0	1	0.050000001	649	0	1	0.01	649
291	0.090000004	210	0.039999999	176	0.02	194	0	1	0.029999999	649	0	1	0.01	649
292	0.01	211	0	1	0	1	0	1	0.01	645	0	1	0	1
293	0.209999993	244	0.02	211	0	1	0	1	0	1	0	1	0	1
294	0.970000029	255	0.07	210	0.02	180	0	1	0.01	652	0	1	0	1
295	0.949999988	255	0.01	177	0	1	0	1	0	1	0	1	0	1
296	0.850000024	343	0	1	0	1	0	1	0	1	0	1	0	1
297	0.959999979	247	0.01	99	0	1	0	1	0	1	0	1	0	1
298	0.980000019	252	0.01	210	0	1	0	1	0	1	0	1	0	1
299	0.980000019	345	0.02	395	0	1	0	1	0	1	0	1	0	1
300	0.980000019	256	0.01	395	0	1	0	1	0	1	0	1	0	1
301	0.980000019	343	0	1	0	1	0	1	0	1	0	1	0	1
302	0.99000001	343	0	1	0	1	0	1	0	1	0	1	0	1
303	0.99000001	341	0	1	0	1	0.01	31	0.02	992	0.01	31	0.029999999	992
304	1	341	0	1	0	1	0	1	0	1	0	1	0	1
305	0.980000019	340	0	1	0.01	371	0.01	31	0.01	992	0.01	31	0.01	992
306	0.980000019	339	0	1	0	1	0	1	0	1	0	1	0	1
307	0.100000001	338	0.01	285	0	1	0	1	0.029999999	643	0	1	0.01	643
308	0.109999999	339	0.01	328	0	1	0.01	22	0.02	606	0	1	0.01	610
309	0.01	238	0	1	0	1	0.02	21	0.129999995	643	0.02	22	0.029999999	610
310	0.01	227	0	1	0	1	0	1	0.100000001	611	0	1	0.01	610
311	0.01	235	0	1	0	1	0.01	19	0.109999999	643	0.01	21	0.029999999	643
312	0.07	269	0	1	0	1	0	1	0.059999999	645	0	1	0.02	645
313	0	1	0	1	0	1	0	1	0.02	611	0	1	0	1
314	0.059999999	240	0.01	199	0	1	0	1	0.07	611	0	1	0.01	611
315	0.159999996	243	0.01	135	0.01	197	0	1	0	1	0	1	0	1
316	0.059999999	243	0	1	0	1	0	1	0	1	0	1	0	1
317	0.819999993	421	0.01	421	0	1	0	1	0	1	0	1	0	1
318	0.109999999	240	0	1	0	1	0	1	0.01	612	0	1	0	1
319	0.930000007	418	0.02	416	0	1	0	1	0	1	0	1	0	1
320	0.910000026	363	0.029999999	423	0	1	0	1	0	1	0	1	0	1
321	0.02	240	0	1	0	1	0	1	0.01	611	0	1	0	1
322	0.769999981	416	0.01	416	0	1	0	1	0.02	612	0	1	0	1
323	0.959999979	415	0.02	415	0.01	415	0	1	0	1	0	1	0	1
324	0.959999979	365	0.01	365	0	1	0	1	0	1	0	1	0	1
325	0.01	415	0	1	0	1	0	1	0.02	572	0	1	0.01	612
326	0.899999976	415	0.01	415	0	1	0	1	0.01	1147	0	1	0	1
327	0.99000001	365	0.02	425	0.01	365	0.01	31	0.02	2191	0.01	1	0.01	2191
328	0.01	365	0.01	308	0	1	0	1	0.01	569	0	1	0	1
329	0	1	0.01	334	0	1	0	1	0.050000001	569	0	1	0	1
330	0.029999999	415	0	1	0	1	0.01	31	0.02	2188	0.01	1	0.01	1149
331	0.75	425	0.01	105	0.01	331	0.029999999	31	0.029999999	2191	0.02	1	0.01	1149
332	0.889999986	367	0.01	367	0.01	367	0.01	30	0.02	2181	0.01	1	0.01	1151
333	0.01	367	0	1	0	1	0	1	0.01	565	0	1	0	1
334	0.02	367	0.01	328	0	1	0	1	0.01	565	0	1	0	1
335	0.119999997	367	0	1	0	1	0	1	0.039999999	568	0	1	0	1
336	0.129999995	367	0	1	0	1	0	1	0.02	565	0	1	0	1
337	0.649999976	368	0	1	0	1	0	1	0	1	0	1	0	1
338	0.949999988	305	0.01	368	0	1	0	1	0	1	0	1	0	1
339	0.980000019	306	0	1	0	1	0	1	0	1	0	1	0	1
340	0.99000001	304	0	1	0	1	0.029999999	31	0.02	992	0.02	31	0.029999999	992
341	1	304	0.01	423	0	1	0	1	0	1	0	1	0	1
342	0.980000019	303	0	1	0	1	0	1	0.01	992	0	1	0.01	992
343	0.99000001	302	0.01	423	0	1	0	1	0	1	0	1	0	1
344	0.970000029	399	0.02	402	0	1	0	1	0	1	0	1	0	1
345	0.980000019	299	0.02	395	0	1	0	1	0	1	0	1	0	1
346	0.980000019	395	0.07	451	0.01	451	0	1	0	1	0	1	0	1
347	0.970000029	299	0.050000001	391	0.01	112	0	1	0	1	0	1	0	1
348	0.980000019	298	0.02	112	0.01	112	0	1	0	1	0	1	0	1
349	0.879999995	392	0.059999999	111	0.02	392	0	1	0	1	0	1	0	1
350	0.980000019	249	0.050000001	111	0.01	111	0	1	0	1	0	1	0	1
351	0.150000006	454	0.029999999	111	0.01	113	0	1	0.02	249	0	1	0.01	249
352	0.050000001	225	0.02	113	0	1	0	1	0.01	288	0	1	0	1
353	0.029999999	249	0.01	114	0	1	0	1	0.02	249	0	1	0.01	249
354	0.330000013	248	0.01	108	0	1	0	1	0.02	249	0	1	0.01	249
355	0.74000001	246	0.01	109	0	1	0	1	0.02	253	0	1	0.01	249
356	0.790000021	453	0.029999999	453	0.02	453	0	1	0.050000001	249	0	1	0.039999999	249
357	0.870000005	452	0.039999999	452	0.02	452	0	1	0.01	253	0	1	0.01	253
358	0.860000014	420	0.01	420	0	1	0	1	0.01	253	0	1	0	1
359	0.980000019	299	0.01	109	0	1	0	1	0	1	0	1	0	1
360	0.970000029	420	0.039999999	446	0.01	446	0	1	0	1	0	1	0	1
361	0.980000019	421	0.029999999	421	0	1	0	1	0	1	0	1	0	1
362	0.980000019	422	0.029999999	403	0	1	0	1	0	1	0	1	0	1
363	0.980000019	422	0.050000001	423	0	1	0	1	0	1	0	1	0	1
364	0.980000019	424	0.02	423	0	1	0.01	31	0	1	0	1	0	1
365	0.99000001	327	0.029999999	423	0.01	327	0	1	0	1	0	1	0	1
366	0.920000017	425	0.02	425	0	1	0.029999999	31	0.01	2191	0.02	31	0.01	1074
367	0.889999986	332	0.01	332	0.01	332	0.029999999	31	0.02	2194	0.02	31	0.01	1033
368	0.779999971	305	0.01	338	0	1	0.02	31	0.01	992	0.02	31	0.02	992
369	0.330000013	338	0	1	0	1	0.01	1	0.01	991	0.01	1	0.02	991
370	0.349999994	338	0	1	0	1	0.01	31	0.01	991	0	1	0.02	992
371	0.25999999	305	0	1	0.01	284	0.02	31	0.02	992	0.01	1	0.029999999	992
372	0.170000002	305	0	1	0	1	0.01	6	0.01	991	0.01	6	0.029999999	991
373	0.560000002	273	0.02	271	0.01	271	0.02	33	0.01	945	0.01	1	0.02	945
374	0.649999976	273	0.01	271	0	1	0.01	5	0.01	945	0.01	2	0.02	945
375	0.709999979	271	0.039999999	271	0.01	271	0	1	0.01	945	0	1	0.02	946
376	0.779999971	272	0.039999999	272	0.01	262	0.01	34	0.01	945	0	1	0.02	945
377	0.439999998	274	0.02	88	0	1	0	1	0.01	904	0	1	0.01	904
378	0.74000001	261	0.029999999	260	0.01	261	0	1	0.01	1615	0	1	0.01	907
379	0.790000021	260	0.059999999	260	0.01	260	0	1	0.02	904	0	1	0.039999999	904
380	0.629999995	260	0.029999999	260	0	1	0	1	0.01	908	0	1	0.01	907
381	0.709999979	260	0.039999999	257	0	1	0	1	0	1	0	1	0	1
382	0.379999995	257	0.01	257	0	1	0	1	0	1	0	1	0	1
383	0.819999993	256	0.050000001	256	0.01	256	0	1	0	1	0	1	0	1
384	0.109999999	253	0.01	253	0	1	0	1	0	1	0	1	0	1
385	0.469999999	249	0.02	113	0.01	249	0	1	0	1	0	1	0	1
386	0.029999999	277	0.02	213	0	1	0	1	0	1	0	1	0	1
387	0.360000014	277	0.01	277	0	1	0	1	0	1	0	1	0	1
388	0.479999989	347	0.029999999	210	0.01	112	0	1	0	1	0	1	0	1
389	0.170000002	456	0.029999999	113	0.01	112	0	1	0	1	0	1	0	1
390	0.449999988	277	0.01	277	0	1	0	1	0	1	0	1	0	1
391	0.930000007	347	0.050000001	347	0	1	0	1	0.02	2377	0	1	0.01	2375
392	0.949999988	347	0.07	452	0.02	349	0	1	0	1	0	1	0	1
393	0.860000014	456	0.029999999	452	0.02	456	0	1	0	1	0	1	0	1
394	0.74000001	277	0.01	275	0	1	0	1	0.02	2375	0	1	0.01	1181
395	0.980000019	346	0.039999999	347	0	1	0	1	0.01	2375	0	1	0.01	2375
396	0.959999979	346	0.039999999	459	0.01	451	0	1	0	1	0	1	0	1
397	0.889999986	462	0.039999999	462	0.02	462	0	1	0	1	0	1	0	1
398	0.860000014	344	0.01	275	0	1	0	1	0.02	2375	0	1	0.01	2372
399	0.970000029	344	0.050000001	346	0	1	0	1	0	1	0	1	0	1
400	0.949999988	447	0.039999999	451	0.01	447	0	1	0	1	0	1	0	1
401	0.649999976	466	0.01	462	0.01	462	0	1	0	1	0	1	0	1
402	0.970000029	344	0.02	344	0	1	0	1	0.01	2368	0	1	0.01	2369
403	0.970000029	443	0.029999999	362	0	1	0	1	0	1	0	1	0	1
404	0.889999986	466	0.02	210	0.01	447	0	1	0	1	0	1	0	1
405	0.02	470	0	1	0	1	0	1	0	1	0	1	0	1
406	0.939999998	439	0.01	362	0	1	0	1	0	1	0	1	0	1
407	0.600000024	439	0.02	210	0	1	0	1	0	1	0	1	0	1
408	0.050000001	470	0	1	0	1	0	1	0	1	0	1	0	1
409	0	1	0	1	0	1	0	1	0	1	0	1	0	1
410	0	1	0	1	0	1	0	1	0	1	0	1	0	1
411	0	1	0	1	0	1	0	1	0	1	0	1	0	1
412	0	1	0	1	0	1	0	1	0	1	0	1	0	1
413	0.519999981	331	0.01	107	0.01	427	0.02	31	0.02	246	0.01	1	0.01	246
414	0.02	107	0.01	107	0	1	0	1	0.01	246	0	1	0.01	246
415	0.959999979	323	0.02	323	0.01	323	0	1	0.01	249	0	1	0.01	249
416	0.930000007	323	0.02	319	0.01	323	0	1	0.01	249	0	1	0.02	645
417	0.02	319	0.01	105	0	1	0	1	0.02	250	0	1	0.029999999	645
418	0.930000007	319	0.01	319	0	1	0	1	0.01	250	0	1	0.01	611
419	0.119999997	360	0	1	0	1	0	1	0.029999999	257	0	1	0.01	254
420	0.970000029	360	0.02	360	0	1	0	1	0	1	0	1	0	1
421	0.980000019	361	0.029999999	361	0	1	0	1	0	1	0	1	0	1
422	0.980000019	362	0.029999999	362	0	1	0	1	0.01	645	0	1	0.01	645
423	0.970000029	363	0.050000001	363	0	1	0	1	0	1	0	1	0.01	645
424	0.980000019	364	0.02	363	0	1	0	1	0	1	0	1	0	1
425	0.939999998	364	0.02	327	0.01	327	0.01	30	0.01	1149	0.01	1	0	1
426	0.870000005	366	0.01	365	0	1	0.01	1	0.02	2190	0.01	1	0.02	1074
427	0.170000002	331	0.01	331	0.01	413	0.01	1	0.02	2190	0.01	1	0.01	1151
428	0.059999999	331	0	1	0	1	0.01	1	0.02	2189	0.01	1	0.01	1074
429	0	1	0	1	0	1	0	1	0	1	0	1	0	1
430	0	1	0	1	0	1	0	1	0	1	0	1	0	1
431	0	1	0	1	0	1	0	1	0	1	0	1	0	1
432	0.01	107	0	1	0	1	0	1	0.01	246	0	1	0.01	246
433	0	1	0	1	0	1	0	1	0	1	0	1	0.01	691
434	0.01	107	0.01	107	0	1	0	1	0.01	246	0	1	0.01	648
435	0.01	107	0	1	0	1	0	1	0.01	246	0	1	0.01	246
436	0	1	0	1	0	1	0	1	0	1	0	1	0	1
437	0	1	0	1	0	1	0	1	0	1	0	1	0	1
438	0.01	107	0.01	414	0	1	0	1	0.01	253	0	1	0.02	645
439	0.939999998	406	0.01	406	0	1	0	1	0.01	645	0	1	0.01	645
440	0.25	407	0.01	98	0	1	0	1	0	1	0	1	0	1
441	0.01	225	0	1	0	1	0	1	0.01	253	0	1	0.01	644
442	0.569999993	403	0.01	360	0	1	0	1	0.01	645	0	1	0.01	645
443	0.970000029	403	0.01	56	0	1	0	1	0	1	0	1	0	1
444	0.050000001	53	0.01	52	0	1	0	1	0	1	0	1	0	1
445	0.01	53	0	1	0	1	0	1	0.01	257	0	1	0	1
446	0.899999976	360	0.039999999	360	0.01	360	0	1	0	1	0	1	0	1
447	0.949999988	400	0.02	400	0.01	400	0	1	0	1	0	1	0	1
448	0.039999999	49	0.01	49	0	1	0	1	0	1	0	1	0	1
449	0.02	49	0.01	455	0.01	455	0	1	0	1	0	1	0	1
450	0.029999999	357	0.01	454	0	1	0	1	0	1	0	1	0	1
451	0.829999983	360	0.07	346	0.01	346	0	1	0	1	0	1	0	1
452	0.870000005	357	0.07	392	0.029999999	357	0	1	0.01	292	0	1	0	1
453	0.860000014	349	0.039999999	357	0.02	356	0	1	0.01	253	0	1	0.01	253
454	0.75999999	349	0.029999999	214	0.01	114	0	1	0.01	249	0	1	0.01	249
455	0.039999999	228	0.01	104	0.01	449	0	1	0.01	1743	0	1	0.01	1743
456	0.860000014	393	0.029999999	214	0.02	393	0	1	0	1	0	1	0	1
457	0.029999999	228	0.01	108	0.01	479	0	1	0	1	0	1	0	1
458	0.860000014	393	0.029999999	393	0.02	393	0	1	0	1	0	1	0	1
459	0.860000014	396	0.039999999	396	0.02	393	0	1	0	1	0	1	0	1
460	0.01	49	0.01	449	0.01	449	0	1	0	1	0	1	0	1
461	0.01	393	0	1	0	1	0	1	0	1	0	1	0	1
462	0.889999986	397	0.039999999	397	0.02	397	0	1	0	1	0	1	0	1
463	0.910000026	400	0.029999999	400	0.01	400	0	1	0	1	0	1	0	1
464	0.01	52	0	1	0	1	0	1	0	1	0	1	0	1
465	0.01	397	0	1	0	1	0	1	0	1	0	1	0	1
466	0.889999986	404	0.02	400	0.01	400	0	1	0	1	0	1	0	1
467	0.25	404	0.02	99	0	1	0	1	0.01	1164	0	1	0	1
468	0.01	55	0	1	0	1	0	1	0	1	0	1	0	1
469	0.029999999	404	0	1	0	1	0	1	0	1	0	1	0	1
470	0.400000006	404	0.01	55	0	1	0	1	0	1	0	1	0	1
471	0.01	51	0.01	55	0	1	0	1	0	1	0	1	0	1
472	0.029999999	55	0.01	52	0	1	0	1	0	1	0	1	0	1
473	0.02	51	0.01	92	0	1	0	1	0	1	0	1	0	1
474	0.07	49	0.02	100	0	1	0	1	0	1	0	1	0	1
475	0.039999999	49	0.01	49	0	1	0	1	0	1	0	1	0	1
476	0.07	49	0.01	48	0.01	449	0	1	0.01	1747	0	1	0.01	1747
477	0.039999999	49	0.01	104	0	1	0	1	0.119999997	1747	0	1	0.090000004	1747
478	0.01	46	0.01	103	0.01	455	0	1	0.050000001	1743	0	1	0.039999999	1743
479	0.01	448	0.01	455	0.01	455	0	1	0.01	1779	0	1	0.01	1779
480	0.01	48	0	1	0	1	0	1	0.01	1783	0	1	0	1
481	0.01	448	0	1	0	1	0	1	0.050000001	1743	0	1	0.050000001	1746
482	0.02	448	0.01	482	0.01	482	0	1	0.109999999	1786	0	1	0.109999999	1786
483	0.01	224	0.01	484	0	1	0	1	0.02	1782	0	1	0.02	1782
484	0.02	349	0.01	98	0.01	484	0	1	0.050000001	1786	0	1	0.050000001	1786
485	0.02	349	0.02	485	0.029999999	485	0	1	0.079999998	1786	0	1	0.07	1786
486	0.02	225	0.01	52	0.01	485	0	1	0.029999999	1782	0	1	0.029999999	1782
487	0.01	97	0.01	98	0.01	487	0	1	0.01	1834	0	1	0.01	1834
488	0.01	43	0.01	97	0	1	0	1	0.01	1618	0	1	0.01	1834
489	0.01	96	0.01	484	0.02	489	0	1	0.01	1834	0	1	0.01	1834
490	0.01	356	0.01	482	0.01	490	0	1	0.01	1834	0	1	0	1
491	0.01	444	0.01	485	0.01	491	0	1	0.01	1618	0	1	0	1
492	0.01	43	0.01	490	0.01	492	0	1	0.01	1615	0	1	0.01	1618
493	0.01	444	0.01	491	0.01	493	0	1	0	1	0	1	0	1
494	0.01	43	0.01	490	0.01	492	0	1	0.01	1622	0	1	0	1
495	0.01	444	0.01	492	0.01	495	0	1	0	1	0	1	0	1
496	0.01	448	0.01	494	0.01	496	0	1	0	1	0	1	0	1
497	0.01	444	0.01	494	0.01	497	0	1	0.01	1622	0	1	0.01	1662
498	0.01	41	0.01	491	0.02	498	0	1	0.01	1721	0	1	0.01	1721
499	0.02	447	0.01	494	0.01	498	0	1	0.039999999	1725	0	1	0.02	1721
500	0.02	447	0.01	494	0.01	500	0	1	0.050000001	1724	0	1	0.029999999	1724
501	0.02	447	0.01	491	0.02	501	0	1	0.039999999	1725	0	1	0.029999999	1725
502	0.01	404	0.01	494	0.02	502	0	1	0.039999999	1725	0	1	0.02	1724
503	0.02	472	0.01	494	0.01	502	0	1	0.050000001	1725	0	1	0.029999999	1725
504	0.02	472	0.02	504	0.02	504	0	1	0.02	1725	0	1	0.01	1725
505	0.02	447	0.02	505	0.02	505	0	1	0.039999999	1721	0	1	0.029999999	1725
506	0.02	473	0.02	506	0.02	506	0	1	0.029999999	1721	0	1	0.02	1721
507	0.02	475	0.01	500	0.01	506	0	1	0.029999999	1662	0	1	0.01	1618
508	0.01	447	0.01	501	0.01	507	0	1	0.01	1622	0	1	0	1
509	0.01	43	0.01	500	0.01	507	0	1	0.029999999	1618	0	1	0.02	1618
510	0.01	43	0.01	501	0.01	509	0	1	0.039999999	1618	0	1	0.02	1618
511	0.01	41	0.01	485	0.02	511	0	1	0.02	1754	0	1	0.01	1615
512	0.01	41	0.02	512	0.02	512	0	1	0.02	2120	0	1	0.01	1615
513	0.01	417	0.01	501	0.029999999	513	0	1	0.02	1754	0	1	0.01	1615
514	0.01	417	0.02	514	0.02	514	0	1	0.02	2120	0	1	0.01	1615
515	0.01	69	0.02	515	0.029999999	515	0	1	0.02	2120	0	1	0.01	1754
516	0.01	66	0.02	516	0.029999999	516	0	1	0.02	1754	0	1	0.01	1584
517	0.01	414	0.01	492	0.01	515	0	1	0.01	1584	0	1	0	1
518	0.01	66	0.01	70	0.02	518	0	1	0.02	1754	0	1	0.01	1615
519	0.01	454	0.01	506	0.02	519	0	1	0.029999999	1615	0	1	0.02	1615
520	0.01	1	0.01	1	0.02	520	0	1	0.050000001	1618	0	1	0.029999999	1618
